sz Lower Harnen  (3951,4241)
Last Bridge  (2731,929)  (2691,952)  (2691,912)  (2768,969)  (2731,889)  (2771,892)
Dunharrow  (3036,2741)  (3068,2781)  (3028,2781)  (3030,2701)
East Emnet  (3571,2363)  (3531,2402)  (3531,2362)  (3610,2403)  (3571,2323)  (3611,2323)  (3611,2363)  (3529,2322)  (3570,2442)  (3530,2442)  (3491,2402)  (3491,2362)  (3650,2403)  (3650,2443)  (3610,2443)  (3490,2443)  (3569,2283)  (3609,2283)  (3649,2283)  (3651,2323)  (3651,2363)  (3489,2322)  (3502,2282)  (3565,2482)  (3525,2483)  (3485,2483)  (3567,2243)  (3607,2243)  (3647,2243)
Ost in Edhil  (2631,1707)  (2591,1737)  (2591,1697)  (2666,1747)  (2631,1667)  (2671,1676)
Coldfells  (3061,664)  (3021,703)  (3021,663)  (3100,704)  (3061,624)  (3101,624)  (3101,664)  (2981,705)  (2981,665)  (3140,704)  (3141,601)  (3141,641)
Southeast Mirkwood  (4045,1581)  (4005,1620)  (4005,1580)  (4084,1621)  (4045,1541)  (4085,1541)  (4085,1581)  (4003,1540)  (4044,1660)  (4004,1660)  (3965,1620)  (3965,1580)  (4124,1621)  (4124,1661)  (4084,1661)  (3964,1661)  (4043,1501)  (4083,1501)  (4123,1501)  (4125,1541)  (4125,1581)  (3963,1540)  (3963,1500)  (4003,1500)  (4044,1700)  (4004,1700)  (4164,1621)  (3964,1701)  (3924,1701)  (4043,1461)  (4165,1510)  (4165,1550)  (3923,1528)  (3923,1488)  (3963,1460)  (4003,1460)  (4057,1740)  (4017,1740)  (4204,1590)  (4204,1630)  (3977,1741)  (3937,1741)  (3897,1741)  (4205,1515)  (4244,1555)  (4007,1781)  (3967,1781)  (3927,1781)
Harnen Bank  (3973,4407)  (3933,4446)  (3933,4406)  (4012,4447)  (3973,4367)  (4013,4367)  (4013,4407)  (3931,4366)  (3972,4486)  (3932,4486)  (3893,4446)  (3893,4406)  (4052,4447)  (3892,4487)  (3971,4327)  (4011,4327)  (4051,4327)  (4053,4367)  (4053,4407)  (3891,4366)  (3891,4326)  (3931,4326)  (4091,4289)  (3937,4526)  (3853,4447)  (3853,4407)  (4092,4447)  (3897,4527)  (3857,4527)  (3852,4487)  (3971,4287)  (4011,4287)  (4051,4287)  (4093,4329)  (4093,4369)  (3851,4367)  (3851,4327)  (3817,4562)  (3813,4447)  (3813,4407)  (4132,4409)  (4132,4449)  (3885,4567)  (3812,4522)  (4133,4298)  (4133,4338)  (3811,4367)  (3811,4327)  (3777,4585)  (3773,4482)  (3773,4442)
Durthang  (4268,2920)  (4307,2960)  (4267,2960)  (4228,2880)  (4268,2880)
Bree  (2202,1115)  (2162,1132)  (2162,1092)  (2235,1155)  (2202,1075)
sz Upper Harnen  (4509,4030)
The Wold  (3472,2125)  (3432,2164)  (3432,2124)  (3511,2165)  (3472,2085)  (3512,2085)  (3512,2125)  (3430,2084)  (3471,2204)  (3431,2204)  (3392,2164)  (3392,2124)  (3551,2165)  (3524,2205)  (3391,2205)  (3470,2045)  (3510,2045)  (3550,2045)  (3552,2085)  (3552,2125)  (3390,2084)  (3390,2044)  (3430,2044)  (3456,2244)  (3591,2165)  (3416,2245)  (3592,2103)  (3350,2068)  (3350,2028)  (3390,2004)  (3334,1988)  (3632,2104)
Crossings of Poros  (4185,3559)  (4145,3594)  (4145,3554)  (4224,3599)  (4185,3519)  (4225,3533)
Goblin Town  (3257,1068)  (3217,1091)  (3217,1051)  (3283,1108)  (3257,1028)  (3297,1030)
Falls of Rauros  (3769,2519)  (3729,2546)  (3729,2506)  (3803,2559)  (3769,2479)  (3809,2485)
Starkhorn  (2920,2698)  (2880,2737)  (2880,2697)  (2960,2662)  (2840,2751)
West Methedras  (2683,2198)  (2704,2238)  (2665,2158)  (2664,2247)  (2705,2128)  (2713,2278)  (2673,2287)  (2707,2088)  (2716,2318)  (2704,2358)
West Ephel Duath  (4353,3496)  (4313,3535)  (4313,3495)  (4392,3536)  (4353,3456)  (4393,3456)  (4393,3496)  (4311,3455)  (4352,3575)  (4312,3575)  (4432,3536)  (4432,3576)  (4392,3576)  (4351,3416)  (4391,3416)  (4277,3415)  (4352,3615)  (4312,3615)  (4472,3553)  (4472,3593)  (4432,3616)  (4392,3616)  (4317,3376)  (4357,3376)  (4397,3376)  (4274,3375)  (4272,3632)  (4352,3655)  (4312,3655)  (4438,3656)  (4398,3656)  (4314,3336)  (4354,3336)  (4315,3695)  (4305,3296)
Staddle  (2311,1080)  (2271,1052)  (2335,1120)  (2295,1120)  (2311,1040)  (2351,1052)
Greenfields  (1711,693)  (1671,732)  (1715,653)  (1751,693)  (1791,676)
North Rhun  (5425,737)  (5385,776)  (5385,736)  (5464,777)  (5425,697)  (5465,697)  (5465,737)  (5383,696)  (5424,816)  (5384,816)  (5345,776)  (5345,736)  (5504,777)  (5504,817)  (5464,817)  (5344,817)  (5423,657)  (5463,657)  (5503,657)  (5505,697)  (5505,737)  (5343,696)  (5343,656)  (5383,656)  (5543,619)  (5424,856)  (5384,856)  (5305,777)  (5305,737)  (5544,777)  (5544,817)  (5544,857)  (5504,857)  (5464,857)  (5344,857)  (5304,857)  (5304,817)  (5423,617)  (5463,617)  (5503,617)  (5545,659)  (5545,699)  (5303,697)  (5303,657)  (5303,617)  (5343,616)  (5383,616)  (5543,579)  (5583,579)  (5583,619)  (5424,896)  (5384,896)  (5265,777)  (5265,737)
Fields of Celebrant  (3429,1920)  (3389,1937)  (3389,1897)  (3468,1960)  (3429,1880)  (3469,1907)  (3349,1903)  (3508,1947)  (3508,1987)  (3548,1954)  (3560,1994)
Far Downs  (1276,1090)  (1236,1121)  (1236,1081)  (1309,1130)  (1276,1050)  (1269,1161)  (1283,1010)
Westfarthing  (1437,919)  (1397,935)  (1397,895)  (1476,959)  (1437,879)  (1477,879)  (1477,919)  (1357,938)
East Mirkwood  (4132,1103)  (4092,1142)  (4092,1102)  (4171,1143)  (4132,1063)  (4172,1063)  (4172,1103)  (4090,1062)  (4131,1182)  (4091,1182)  (4211,1143)  (4211,1183)  (4171,1183)  (4130,1023)  (4170,1023)  (4050,1059)  (4090,1022)  (4047,1019)  (4131,1222)  (4091,1222)  (4251,1172)
South Downs  (2374,1210)  (2334,1249)  (2334,1209)  (2374,1170)  (2414,1170)  (2414,1210)  (2294,1252)  (2294,1212)  (2454,1181)  (2454,1221)  (2254,1234)  (2494,1204)  (2534,1208)
sz Gulf of Umbar  (3038,4866)  (2998,4905)  (2998,4865)  (3077,4906)  (3038,4826)  (3078,4826)  (3078,4866)  (2996,4825)  (3008,4945)  (2958,4939)  (2958,4899)  (3117,4906)  (3117,4946)  (3068,4786)  (3108,4786)  (3118,4826)  (3118,4866)  (2956,4859)  (2956,4819)  (2918,4939)  (2918,4899)  (3157,4906)  (3158,4852)  (2883,4979)  (3197,4892)  (3198,4852)
Misty Mountains Foothills  (3406,933)  (3366,951)  (3366,911)  (3445,973)  (3406,893)  (3446,893)  (3446,933)  (3405,991)  (3362,871)  (3472,1013)  (3402,853)  (3442,853)  (3365,1021)  (3432,1031)  (3376,813)  (3392,1061)  (3440,1071)  (3377,1101)
Little Lhun  (1045,377)  (1005,416)  (1005,376)  (1084,417)  (1045,337)  (1085,337)  (1085,377)  (1003,336)  (1044,456)  (1004,456)  (965,416)  (965,376)  (1124,417)  (1124,457)  (1084,457)  (964,457)  (1043,297)  (1083,297)  (1125,310)  (1125,350)  (963,336)  (963,296)  (1003,296)  (1012,496)  (1164,390)  (1164,430)  (972,497)  (1043,257)  (1165,324)  (923,287)  (963,256)  (1003,256)  (914,247)  (954,216)  (994,216)
Methedras  (2858,2010)  (2818,2049)  (2818,2009)  (2897,2050)  (2858,1970)  (2898,1970)  (2898,2010)  (2816,1969)  (2847,2089)  (2938,1965)  (2938,2005)  (2776,1989)
East Angmar  (2617,371)  (2577,410)  (2577,370)  (2656,411)  (2617,331)  (2657,331)  (2657,371)  (2575,330)  (2612,450)  (2572,450)  (2615,291)  (2697,327)  (2697,367)  (2535,353)  (2535,313)  (2575,290)  (2533,273)  (2573,250)
Eregion  (2840,1409)  (2800,1448)  (2800,1408)  (2840,1369)  (2880,1369)  (2880,1409)  (2798,1368)  (2784,1488)  (2760,1448)  (2920,1337)  (2920,1377)  (2744,1495)  (2720,1455)  (2960,1377)  (2704,1495)  (2664,1486)
Greyflood East Bank  (2102,2001)  (2062,2040)  (2062,2000)  (2141,2041)  (2102,1961)  (2142,1961)  (2142,2001)  (2092,2080)  (2052,2080)  (2022,2040)  (2093,1921)  (2133,1921)  (2173,1921)  (2182,1961)  (2182,2001)  (2158,1881)  (2222,1955)  (2222,1995)  (2222,2035)  (2262,1984)
North Misty Mountains  (3218,549)  (3178,542)  (3257,589)  (3217,589)  (3218,509)  (3170,502)  (3271,629)  (3231,629)  (3210,469)  (3151,462)  (3271,669)  (3231,669)  (3134,422)  (3174,422)  (3093,419)  (3267,709)  (3227,709)
Lefnui Vale  (2431,2961)  (2391,3000)  (2391,2960)  (2470,3001)  (2431,2921)  (2471,2921)  (2471,2961)  (2389,2920)  (2430,3040)  (2511,2896)  (2511,2936)  (2551,2877)
North Forlindon  (478,489)  (438,528)  (438,488)  (478,449)  (518,449)  (518,489)  (435,568)  (398,528)  (558,412)  (558,452)  (358,558)  (598,387)
Gilrain  (3466,3252)  (3426,3281)  (3482,3292)  (3485,3212)  (3506,3252)  (3525,3193)  (3386,3275)  (3546,3233)  (3546,3273)  (3543,3153)  (3565,3193)
Henneth Annun  (4065,2735)  (4025,2740)  (4094,2775)  (4032,2695)  (4072,2695)  (4105,2735)
Gulf of Lhun North Shore  (768,924)  (728,963)  (728,923)  (807,964)  (808,886)  (726,883)  (688,970)  (688,930)  (847,926)  (847,966)  (848,886)  (686,890)  (686,850)  (849,1006)  (648,946)  (887,926)  (887,966)  (888,884)  (646,906)  (646,866)  (646,826)  (608,946)  (927,924)  (927,964)  (606,871)
Harad Road  (4101,3746)  (4061,3785)  (4061,3745)  (4140,3786)  (4101,3706)  (4141,3706)  (4141,3746)  (4059,3705)  (4100,3825)  (4060,3825)  (4021,3785)  (4021,3745)  (4180,3786)  (4099,3666)  (4139,3666)  (4179,3666)  (4181,3706)  (4181,3746)  (3981,3780)  (3981,3740)  (4221,3670)  (4221,3710)  (4221,3750)
Pelargir  (3830,3418)  (3790,3444)  (3790,3404)  (3865,3458)  (3830,3378)  (3870,3383)
City of Corsairs  (3319,4873)  (3279,4901)  (3279,4861)  (3348,4913)  (3319,4833)  (3359,4839)
Barrow Downs  (2060,1170)  (2020,1209)  (2079,1130)  (2099,1090)
North Woodland Realm  (4062,451)  (4022,476)  (4022,436)  (4101,491)  (4062,411)  (4102,411)  (4102,451)  (3982,461)  (3982,421)  (4141,491)  (4142,405)  (4142,445)
Ettendales  (2943,358)  (2903,366)  (2903,326)  (2982,398)  (2983,332)  (2863,356)  (3022,387)  (3005,438)
Mindoullin  (3672,3074)  (3632,3113)  (3632,3073)  (3684,3114)  (3672,3034)  (3712,3034)  (3712,3074)  (3592,3107)  (3752,3033)  (3752,3073)
Gap of Rohan  (2855,2432)  (2815,2449)  (2886,2392)  (2895,2432)  (2926,2370)
Orodruin  (4569,2903)  (4529,2927)  (4529,2887)  (4608,2943)  (4569,2863)  (4609,2868)
East Arthedain  (2049,407)  (2009,446)  (2009,406)  (2082,447)  (2049,367)  (2089,367)  (2089,407)  (2007,366)  (2028,486)  (1988,486)  (2047,327)  (2087,327)  (2127,327)
East Nurn  (5402,3090)  (5362,3129)  (5362,3089)  (5441,3130)  (5402,3050)  (5442,3050)  (5442,3090)  (5360,3049)  (5401,3169)  (5361,3169)  (5322,3129)  (5322,3089)  (5481,3130)  (5481,3170)  (5441,3170)  (5321,3170)  (5400,3010)  (5440,3010)  (5480,3010)  (5482,3050)  (5482,3090)  (5320,3049)  (5320,3009)  (5360,3009)  (5520,2972)  (5401,3209)  (5361,3209)  (5282,3130)  (5282,3090)  (5521,3130)  (5521,3170)  (5521,3210)  (5481,3210)  (5441,3210)  (5321,3210)  (5281,3210)  (5281,3170)  (5400,2970)  (5440,2970)  (5480,2970)  (5522,3012)  (5522,3052)  (5280,3050)  (5280,3010)  (5280,2970)  (5320,2969)  (5360,2969)  (5520,2932)  (5560,2932)  (5560,2972)  (5401,3249)  (5361,3249)  (5242,3130)  (5242,3090)
Emyn Arnen  (4170,3190)  (4130,3178)  (4209,3230)  (4169,3230)  (4170,3150)  (4210,3179)  (4122,3138)  (4249,3255)
High Pass  (3260,807)  (3288,847)  (3300,787)
sz Lower Anduin 4  (3839,2688)  (3799,2653)  (3863,2728)  (3821,2613)
Carnen Bank  (4872,959)  (4832,998)  (4832,958)  (4911,999)  (4872,919)  (4912,919)  (4912,959)  (4830,918)  (4871,1038)  (4792,1030)  (4792,990)  (4951,999)  (4951,1039)  (4911,1039)  (4870,879)  (4910,879)  (4952,885)  (4952,925)  (4790,950)  (4790,910)  (4830,878)  (4782,870)  (4752,1025)  (4991,965)  (4991,1005)  (4991,1045)  (4750,985)  (4750,945)  (5031,1006)  (5031,1046)
sz Lower Anduin 3  (4037,2914)
sz Lower Anduin 2  (4072,3206)  (4086,3246)  (4064,3166)  (4080,3286)
sz Lower Anduin 1  (3990,3437)  (3950,3476)  (3999,3397)  (4039,3388)  (3910,3496)  (4022,3348)  (3857,3518)
Trollshaws  (2846,887)  (2885,927)  (2845,927)  (2807,847)  (2847,847)  (2886,887)  (2868,967)
Mountains of Mirkwood  (3959,804)  (3919,836)  (3919,796)  (3999,793)  (3999,833)  (3879,837)  (3879,797)  (4039,777)  (4039,817)  (3839,835)  (4079,770)  (4079,810)  (4119,780)  (4119,820)
Elvenkings Halls  (3945,558)  (3905,578)  (3984,598)  (3926,518)  (3966,518)  (3985,558)
Ephel Duath  (4573,3772)  (4533,3811)  (4533,3771)  (4592,3812)  (4613,3746)  (4632,3786)  (4493,3830)  (4493,3790)  (4493,3750)  (4653,3746)  (4672,3786)  (4453,3820)  (4453,3780)  (4453,3740)  (4693,3746)  (4712,3786)  (4413,3810)  (4413,3770)  (4413,3730)  (4733,3741)  (4752,3781)  (4373,3803)  (4373,3763)  (4773,3736)  (4333,3787)  (4813,3731)  (4813,3771)  (4853,3744)
Trihyrne  (2754,2584)  (2714,2623)  (2794,2545)  (2685,2663)  (2674,2623)  (2804,2505)  (2844,2502)
West Mountains of Angmar  (2306,19)  (2266,58)  (2266,18)  (2308,59)  (2346,0)  (2348,40)  (2226,63)  (2226,23)  (2386,0)  (2388,40)  (2186,67)  (2186,27)  (2426,0)  (2428,40)  (2442,80)  (2146,77)  (2146,37)  (2466,0)  (2468,40)  (2482,80)  (2106,40)  (2106,0)  (2506,0)  (2508,40)  (2066,24)  (2546,0)  (2548,40)  (2026,13)  (2586,0)  (2588,40)  (2626,0)  (2628,40)  (2668,25)
Lower Lefnui  (2093,3316)  (2053,3355)  (2053,3315)  (2132,3356)  (2093,3276)  (2133,3276)  (2133,3316)  (2051,3275)  (2092,3395)  (2052,3395)  (2013,3355)  (2013,3315)  (2172,3356)  (2172,3396)  (2132,3396)  (2012,3396)  (2091,3236)  (2131,3236)  (2171,3236)  (2045,3235)  (1973,3356)  (2177,3436)  (2107,3196)  (2147,3196)
West Cardolan  (1937,1457)  (1897,1496)  (1897,1456)  (1976,1497)  (1977,1434)  (2011,1394)  (1857,1505)  (1857,1465)  (2016,1474)  (2017,1434)  (2051,1386)  (1817,1499)  (1817,1459)  (2057,1426)  (2097,1399)  (2097,1439)  (2137,1407)
South Ithilien  (4166,3376)  (4126,3415)  (4126,3375)  (4205,3416)  (4166,3336)  (4206,3336)  (4206,3376)  (4124,3335)  (4165,3455)  (4125,3455)  (4236,3456)  (4125,3295)
North Fangorn  (3114,1964)  (3074,2003)  (3074,1963)  (3127,2004)  (3114,1924)  (3154,1932)  (3072,1923)  (3167,1972)  (3034,2004)  (3034,1964)  (3207,1945)  (3207,1985)  (2994,1949)  (3240,2025)  (3247,1971)
Sirannon  (2722,1597)  (2682,1615)  (2682,1575)  (2751,1637)  (2722,1557)  (2762,1557)  (2762,1597)
Weathertop  (2409,650)  (2369,689)  (2387,610)  (2427,610)  (2449,650)  (2467,600)
North Downs  (2201,420)  (2161,459)  (2161,419)  (2237,460)  (2201,380)  (2241,380)  (2241,420)  (2197,499)  (2184,340)  (2224,340)  (2281,362)
Morgai  (4416,2883)  (4376,2922)  (4376,2882)  (4455,2923)  (4416,2843)  (4456,2846)  (4374,2842)  (4334,2876)
West Ered Mithrin  (3487,246)  (3447,283)  (3447,243)  (3527,210)  (3527,250)  (3407,283)  (3407,243)  (3567,209)  (3567,249)  (3394,203)  (3369,323)  (3367,283)  (3367,243)  (3607,207)  (3607,247)  (3354,203)  (3327,309)  (3327,269)  (3647,200)  (3647,240)  (3314,229)  (3687,220)
West Angmar  (2351,209)  (2311,248)  (2311,208)  (2390,249)  (2351,169)  (2391,169)  (2391,209)  (2309,168)  (2350,288)  (2310,288)  (2271,248)  (2271,208)  (2430,249)  (2430,289)  (2390,289)  (2349,129)  (2389,129)  (2431,144)  (2431,184)  (2269,168)  (2269,128)  (2309,128)  (2470,224)  (2470,264)  (2423,329)  (2383,329)  (2471,144)  (2471,184)  (2229,178)  (2229,138)
sz Poros  (3860,3682)  (3843,3642)  (3816,3602)
Tharbad  (2322,1679)  (2282,1703)  (2282,1663)  (2352,1719)  (2322,1639)  (2362,1642)
Mithlond  (1058,961)  (1018,987)  (1018,947)  (1085,1001)  (1058,921)  (1098,925)
Gulf of Lhun South Shore  (852,1214)  (812,1253)  (891,1254)  (824,1174)  (864,1174)  (892,1214)  (904,1162)  (851,1293)  (811,1293)  (772,1253)  (895,1294)  (771,1294)  (823,1134)  (932,1202)  (944,1143)  (757,1213)  (731,1294)  (984,1113)  (1024,1085)
South Dunland  (2386,2280)  (2346,2319)  (2346,2279)  (2425,2320)  (2386,2240)  (2426,2240)  (2426,2280)  (2344,2239)  (2306,2346)  (2306,2306)  (2465,2320)  (2427,2200)  (2466,2240)  (2466,2280)  (2304,2266)  (2266,2328)
Lhun  (1162,111)  (1122,150)  (1122,110)  (1201,151)  (1162,71)  (1202,71)  (1202,111)  (1120,70)  (1161,190)  (1121,190)  (1082,150)  (1082,110)  (1241,151)  (1241,191)  (1201,191)  (1081,191)  (1160,31)  (1200,31)  (1240,31)  (1242,71)  (1242,111)  (1080,70)  (1120,30)  (1280,0)  (1161,230)  (1121,230)  (1042,151)  (1244,231)  (1204,231)  (1282,40)  (1282,80)  (1282,120)  (1232,271)  (1192,271)
Minas Morgul  (4302,3072)  (4262,3094)  (4262,3054)  (4338,3112)  (4302,3032)  (4342,3070)
Edhellond  (3067,3227)  (3027,3258)  (3027,3218)  (3106,3267)  (3067,3187)  (3107,3197)
South Kingdom of Dale  (4533,817)  (4493,856)  (4493,816)  (4572,857)  (4533,777)  (4573,777)  (4573,817)  (4491,776)  (4532,896)  (4453,852)  (4612,857)  (4612,897)  (4572,897)  (4531,737)  (4571,737)  (4613,756)  (4613,796)  (4451,812)  (4451,772)  (4491,736)  (4447,732)  (4652,836)  (4652,876)  (4652,916)  (4612,937)  (4572,937)  (4531,697)  (4411,827)  (4411,787)  (4487,696)  (4407,747)  (4407,707)  (4447,692)  (4671,956)  (4384,667)  (4692,819)  (4692,859)  (4692,899)  (4631,977)  (4591,977)  (4487,656)  (4367,735)  (4681,996)  (4732,842)
Eastfarthing  (1714,843)  (1674,835)  (1733,883)  (1714,803)  (1754,803)  (1754,843)  (1728,923)
West Rhudaur  (2628,574)  (2588,613)  (2588,573)  (2661,614)  (2628,534)  (2668,534)  (2668,574)  (2586,533)  (2621,653)  (2581,653)  (2548,613)  (2548,573)  (2626,494)  (2666,494)  (2706,494)  (2708,534)  (2708,574)  (2541,660)  (2746,487)  (2748,527)  (2748,567)  (2788,498)
North Undeep  (3806,1931)  (3766,1970)  (3766,1930)  (3845,1971)  (3806,1891)  (3846,1891)  (3846,1931)  (3764,1890)  (3805,2010)  (3765,2010)  (3726,1970)  (3726,1930)  (3885,1971)  (3885,2011)  (3845,2011)  (3804,1851)  (3844,1851)  (3884,1851)  (3886,1891)  (3886,1931)  (3724,1890)  (3724,1850)  (3764,1850)  (3686,1980)  (3925,1971)  (3925,2011)  (3926,1866)  (3926,1906)  (3684,1905)  (3684,1865)  (3966,1924)
Poros Bank  (3994,3550)  (3954,3589)  (3954,3549)  (4033,3590)  (4013,3510)  (4034,3550)  (4053,3491)  (3958,3629)  (3918,3629)  (3914,3589)  (4074,3531)  (3874,3587)
East Forochel Coast  (1806,25)  (1766,64)  (1766,24)  (1845,65)  (1846,0)  (1805,104)  (1765,104)  (1726,64)  (1726,24)  (1885,40)  (1885,80)  (1886,0)  (1925,40)  (1926,0)
Beorns Hall  (3683,728)  (3643,753)  (3643,713)  (3714,768)  (3683,688)  (3723,692)
Northfarthing  (1563,797)  (1523,836)  (1523,796)  (1603,771)  (1603,811)  (1483,811)  (1643,781)
Framsburg  (3433,500)  (3393,526)  (3393,486)  (3457,540)  (3433,460)  (3473,464)
Moria  (2874,1545)  (2834,1568)  (2834,1528)  (2903,1585)  (2874,1505)  (2914,1522)
Rhun  (5477,1177)  (5437,1216)  (5437,1176)  (5516,1217)  (5477,1137)  (5517,1137)  (5517,1177)  (5435,1136)  (5476,1256)  (5436,1256)  (5397,1216)  (5397,1176)  (5556,1217)  (5556,1257)  (5516,1257)  (5396,1257)  (5475,1097)  (5515,1097)  (5555,1097)  (5557,1137)  (5557,1177)  (5395,1136)  (5395,1096)  (5435,1096)  (5595,1059)  (5476,1296)  (5436,1296)  (5357,1217)  (5357,1177)  (5596,1217)  (5596,1257)  (5596,1297)  (5556,1297)  (5516,1297)  (5396,1297)  (5356,1297)  (5356,1257)  (5475,1057)  (5515,1057)  (5555,1057)  (5597,1099)  (5597,1139)  (5355,1137)  (5355,1097)  (5355,1057)  (5395,1056)  (5435,1056)  (5595,1019)  (5635,1019)  (5635,1059)  (5476,1336)  (5436,1336)  (5317,1217)  (5317,1177)
Wellinghall  (3018,2101)  (2978,2132)  (2978,2092)  (3054,2141)  (3018,2061)  (3058,2071)
East Methedras  (2903,2200)  (2916,2240)  (2896,2160)  (2927,2280)  (2887,2280)  (2903,2120)
West Gondor  (2808,2961)  (2768,3000)  (2768,2960)  (2847,3001)  (2808,2921)  (2848,2921)  (2848,2961)  (2766,2920)  (2728,3000)  (2887,3001)  (2883,3041)  (2806,2881)
Hoarwell  (3053,532)  (3013,571)  (3013,531)  (3069,572)  (3053,492)  (3093,492)  (3093,532)
Eryn Vorn  (1400,1821)  (1360,1860)  (1360,1820)  (1439,1861)  (1400,1781)  (1440,1781)  (1440,1821)  (1396,1900)  (1356,1900)  (1387,1741)  (1427,1741)  (1467,1707)  (1316,1938)  (1388,1940)  (1396,1701)  (1436,1667)  (1348,1978)  (1308,1978)  (1351,2018)  (1311,2018)  (1337,2058)
Cair Andros  (3958,2813)  (3918,2831)  (3918,2791)  (3994,2853)  (3958,2773)  (3998,2798)
South Ered Mithrin  (3998,336)  (3958,363)  (3958,323)  (4038,321)  (3918,351)  (3918,311)  (4078,329)  (3878,335)  (4118,329)
South Umbar  (3302,5005)  (3262,5041)  (3262,5001)  (3342,4971)  (3342,5011)  (3257,4961)  (3222,5041)  (3222,5001)  (3382,4959)  (3382,4999)  (3382,5039)  (3217,4961)  (3415,4918)  (3182,5041)  (3182,5001)  (3422,4958)  (3422,4998)  (3422,5038)  (3177,4961)  (3142,5041)  (3462,4920)  (3462,4960)  (3462,5000)  (3462,5040)  (3102,5041)  (3502,4912)  (3502,4952)  (3502,4992)  (3502,5032)  (3074,5001)  (3062,5041)  (3542,4923)  (3542,4963)  (3542,5003)  (3034,5001)  (3022,5041)  (3582,4923)  (3582,4963)  (3582,5003)  (2994,5001)  (2982,5041)  (3622,4914)  (3622,4954)  (3622,4994)  (3622,5034)  (2954,5001)  (2942,5041)  (3662,4918)  (3662,4958)  (2902,5041)  (3702,4974)
sz 20  (1093,3195)  (1053,3234)  (1053,3194)  (1132,3235)  (1093,3155)  (1133,3155)  (1133,3195)  (1051,3154)  (1092,3274)  (1052,3274)  (1013,3234)  (1013,3194)  (1172,3235)  (1172,3275)  (1132,3275)  (1012,3275)  (1091,3115)  (1131,3115)  (1171,3115)  (1173,3155)  (1173,3195)  (1011,3154)  (1011,3114)  (1051,3114)  (1211,3077)  (1092,3314)  (1052,3314)  (973,3235)  (973,3195)  (1212,3235)  (1212,3275)  (1212,3315)  (1172,3315)  (1132,3315)  (1012,3315)  (972,3315)  (972,3275)  (1091,3075)  (1131,3075)  (1171,3075)  (1213,3117)  (1213,3157)  (971,3155)  (971,3115)  (971,3075)  (1011,3074)  (1051,3074)  (1211,3037)  (1251,3037)  (1251,3077)  (1092,3354)  (1052,3354)  (933,3235)  (933,3195)
Andrast  (1854,3311)  (1814,3350)  (1814,3310)  (1893,3351)  (1854,3271)  (1894,3271)  (1894,3311)  (1812,3270)  (1853,3390)  (1813,3390)  (1774,3350)  (1773,3391)  (1852,3231)  (1892,3231)  (1932,3231)  (1934,3271)  (1934,3311)  (1972,3209)  (1818,3430)  (1778,3431)  (1738,3431)  (1733,3391)  (1858,3191)  (1898,3191)  (1974,3249)  (1698,3466)  (1765,3471)  (1693,3426)  (1687,3506)  (1658,3466)  (1647,3517)  (1618,3477)  (1607,3547)  (1578,3507)  (1538,3529)
Michel Delving  (1393,1034)  (1353,1062)  (1353,1022)  (1428,1074)  (1393,994)  (1433,1001)
Thorins Halls  (811,215)  (771,236)  (771,196)  (843,255)  (811,175)  (851,176)
Nenuial Shore  (1867,400)  (1827,439)  (1827,399)  (1906,440)  (1867,360)  (1907,360)  (1907,400)  (1825,359)  (1853,479)  (1865,320)  (1905,320)  (1945,320)
Tolfolas  (3331,3723)  (3365,3683)
Greyflood North Bank  (2466,1355)  (2426,1394)  (2426,1354)  (2505,1395)  (2466,1315)  (2506,1315)  (2506,1355)  (2424,1314)  (2461,1434)  (2421,1434)  (2386,1394)  (2386,1354)  (2498,1275)  (2538,1275)  (2546,1315)  (2546,1355)  (2384,1314)  (2578,1265)  (2431,1474)  (2391,1474)  (2586,1305)  (2586,1345)  (2396,1514)  (2626,1324)
sz 24  (2309,4642)  (2269,4681)  (2269,4641)  (2348,4682)  (2309,4602)  (2349,4602)  (2349,4642)  (2267,4601)  (2308,4721)  (2268,4721)  (2229,4681)  (2229,4641)  (2388,4682)  (2388,4722)  (2348,4722)  (2228,4722)  (2307,4562)  (2347,4562)  (2387,4562)  (2389,4602)  (2389,4642)  (2227,4601)  (2227,4561)  (2267,4561)  (2427,4524)  (2308,4761)  (2268,4761)  (2189,4682)  (2189,4642)  (2428,4682)  (2428,4722)  (2428,4762)  (2388,4762)  (2348,4762)  (2228,4762)  (2188,4762)  (2188,4722)  (2307,4522)  (2347,4522)  (2387,4522)  (2429,4564)  (2429,4604)  (2187,4602)  (2187,4562)  (2187,4522)  (2227,4521)  (2267,4521)  (2427,4484)  (2467,4484)  (2467,4524)  (2308,4801)  (2268,4801)  (2149,4682)  (2149,4642)
Weather Hills  (2253,603)  (2213,642)  (2213,602)  (2292,643)  (2253,563)  (2293,569)  (2211,562)  (2332,609)
sz 23  (2962,4167)  (2922,4206)  (2922,4166)  (3001,4207)  (2962,4127)  (3002,4127)  (3002,4167)  (2920,4126)  (2961,4246)  (2921,4246)  (2882,4206)  (2882,4166)  (3041,4207)  (3041,4247)  (3001,4247)  (2881,4247)  (2960,4087)  (3000,4087)  (3040,4087)  (3042,4127)  (3042,4167)  (2880,4126)  (2880,4086)  (2920,4086)  (3080,4049)  (2961,4286)  (2921,4286)  (2842,4207)  (2842,4167)  (3081,4207)  (3081,4247)  (3081,4287)  (3041,4287)  (3001,4287)  (2881,4287)  (2841,4287)  (2841,4247)  (2960,4047)  (3000,4047)  (3040,4047)  (3082,4089)  (3082,4129)  (2840,4127)  (2840,4087)  (2840,4047)  (2880,4046)  (2920,4046)  (3080,4009)  (3120,4009)  (3120,4049)  (2961,4326)  (2921,4326)  (2802,4207)  (2802,4167)
sz 22  (2533,3928)  (2493,3967)  (2493,3927)  (2572,3968)  (2533,3888)  (2573,3888)  (2573,3928)  (2491,3887)  (2532,4007)  (2492,4007)  (2453,3967)  (2453,3927)  (2612,3968)  (2612,4008)  (2572,4008)  (2452,4008)  (2531,3848)  (2571,3848)  (2611,3848)  (2613,3888)  (2613,3928)  (2451,3887)  (2451,3847)  (2491,3847)  (2651,3810)  (2532,4047)  (2492,4047)  (2413,3968)  (2413,3928)  (2652,3968)  (2652,4008)  (2652,4048)  (2612,4048)  (2572,4048)  (2452,4048)  (2412,4048)  (2412,4008)  (2531,3808)  (2571,3808)  (2611,3808)  (2653,3850)  (2653,3890)  (2411,3888)  (2411,3848)  (2411,3808)  (2451,3807)  (2491,3807)  (2651,3770)  (2691,3770)  (2691,3810)  (2532,4087)  (2492,4087)  (2373,3968)  (2373,3928)
Caras Galadhon  (3326,1692)  (3286,1717)  (3286,1677)  (3360,1732)  (3326,1652)  (3366,1658)
Kingdom of Dale  (4439,550)  (4399,589)  (4399,549)  (4478,590)  (4439,510)  (4479,510)  (4479,550)  (4397,509)  (4359,551)  (4519,476)  (4519,516)  (4519,556)  (4357,511)
sz 21  (1589,4036)  (1549,4075)  (1549,4035)  (1628,4076)  (1589,3996)  (1629,3996)  (1629,4036)  (1547,3995)  (1588,4115)  (1548,4115)  (1509,4075)  (1509,4035)  (1668,4076)  (1668,4116)  (1628,4116)  (1508,4116)  (1587,3956)  (1627,3956)  (1667,3956)  (1669,3996)  (1669,4036)  (1507,3995)  (1507,3955)  (1547,3955)  (1707,3918)  (1588,4155)  (1548,4155)  (1469,4076)  (1469,4036)  (1708,4076)  (1708,4116)  (1708,4156)  (1668,4156)  (1628,4156)  (1508,4156)  (1468,4156)  (1468,4116)  (1587,3916)  (1627,3916)  (1667,3916)  (1709,3958)  (1709,3998)  (1467,3996)  (1467,3956)  (1467,3916)  (1507,3915)  (1547,3915)  (1707,3878)  (1747,3878)  (1747,3918)  (1588,4195)  (1548,4195)  (1429,4076)  (1429,4036)
sz 18  (188,1837)  (148,1876)  (148,1836)  (227,1877)  (188,1797)  (228,1797)  (228,1837)  (146,1796)  (187,1916)  (147,1916)  (108,1876)  (108,1836)  (267,1877)  (267,1917)  (227,1917)  (107,1917)  (186,1757)  (226,1757)  (266,1757)  (268,1797)  (268,1837)  (106,1796)  (106,1756)  (146,1756)  (306,1719)  (187,1956)  (147,1956)  (68,1877)  (68,1837)  (307,1877)  (307,1917)  (307,1957)  (267,1957)  (227,1957)  (107,1957)  (67,1957)  (67,1917)  (186,1717)  (226,1717)  (266,1717)  (308,1759)  (308,1799)  (66,1797)  (66,1757)  (66,1717)  (106,1716)  (146,1716)  (306,1679)  (346,1694)  (187,1996)  (147,1996)  (28,1877)  (28,1837)
sz 19  (1155,2578)  (1115,2617)  (1115,2577)  (1194,2618)  (1155,2538)  (1195,2538)  (1195,2578)  (1113,2537)  (1154,2657)  (1114,2657)  (1075,2617)  (1075,2577)  (1234,2618)  (1234,2658)  (1194,2658)  (1074,2658)  (1153,2498)  (1193,2498)  (1233,2498)  (1235,2538)  (1235,2578)  (1073,2537)  (1073,2497)  (1113,2497)  (1273,2460)  (1154,2697)  (1114,2697)  (1035,2618)  (1035,2578)  (1274,2618)  (1274,2658)  (1274,2698)  (1234,2698)  (1194,2698)  (1074,2698)  (1034,2698)  (1034,2658)  (1153,2458)  (1193,2458)  (1233,2458)  (1275,2500)  (1275,2540)  (1033,2538)  (1033,2498)  (1033,2458)  (1073,2457)  (1113,2457)  (1273,2420)  (1313,2447)  (1154,2737)  (1114,2737)  (995,2618)  (995,2578)
Andrath  (2098,1284)  (2058,1323)  (2058,1283)  (2137,1324)  (2106,1244)  (2138,1284)  (2146,1236)  (2018,1329)  (2018,1289)  (2186,1211)  (2186,1251)
sz Bay of Tolfolas  (3436,3665)  (3475,3705)  (3435,3705)  (3415,3625)  (3455,3625)  (3476,3665)  (3375,3605)  (3478,3745)  (3438,3745)  (3415,3585)  (3398,3751)  (3335,3628)  (3335,3588)  (3375,3565)  (3418,3791)  (3302,3668)  (3295,3628)  (3295,3588)  (3365,3525)  (3262,3685)  (3255,3645)
Lamedon  (3305,3047)  (3283,3087)  (3285,3007)  (3345,3013)  (3345,3053)
Celebdil  (2897,1778)  (2857,1743)  (2936,1818)  (2896,1818)  (2897,1738)  (2937,1771)  (2836,1703)  (2976,1811)  (2976,1851)  (2936,1858)  (2876,1698)  (2830,1663)  (3016,1796)  (3016,1836)  (2961,1898)  (2870,1658)
Rhudaur  (2929,776)  (2889,785)  (2889,745)  (2968,816)  (2929,736)  (2969,754)  (2928,825)  (2849,781)
Greylin  (3443,362)  (3403,388)  (3483,329)
Annuminas  (1612,600)  (1572,616)  (1651,640)  (1591,560)  (1631,560)  (1652,600)
South Nurn  (5260,3589)  (5220,3628)  (5220,3588)  (5260,3549)  (5300,3554)  (5300,3594)  (5218,3548)  (5180,3645)  (5180,3605)  (5340,3537)  (5340,3577)  (5178,3565)  (5374,3496)  (5140,3655)  (5140,3615)  (5380,3536)  (5380,3576)  (5138,3575)  (5414,3462)  (5100,3652)  (5420,3502)  (5420,3542)  (5098,3612)  (5098,3572)  (5454,3440)  (5060,3652)  (5460,3480)  (5460,3520)  (5058,3612)  (5058,3572)  (5494,3404)  (5020,3658)  (5500,3444)  (5500,3484)  (5500,3524)  (5018,3618)  (5018,3578)  (5534,3389)  (4984,3538)  (4980,3677)  (5540,3429)  (5540,3469)  (5540,3509)  (4978,3637)  (4978,3597)  (5574,3389)  (4944,3557)  (4940,3685)  (5580,3429)  (5580,3469)  (4938,3645)  (4938,3605)
Osgiliath  (4052,3042)  (4012,3065)  (4012,3025)  (4083,3082)  (4052,3002)  (4092,3004)
East Ered Lithui  (5368,2634)  (5328,2673)  (5328,2633)  (5400,2674)  (5368,2594)  (5408,2594)  (5408,2634)  (5326,2593)  (5288,2707)  (5288,2667)  (5448,2565)  (5448,2605)  (5448,2645)  (5286,2627)  (5286,2587)  (5248,2700)  (5488,2565)  (5488,2605)  (5488,2645)  (5246,2660)  (5246,2620)  (5208,2706)  (5528,2564)  (5528,2604)  (5528,2644)  (5206,2666)  (5206,2626)  (5168,2722)  (5568,2563)  (5568,2603)  (5568,2643)  (5166,2682)  (5166,2642)  (5570,2683)  (5608,2568)  (5608,2608)  (5126,2717)  (5126,2677)  (5126,2637)  (5610,2648)  (5648,2571)  (5086,2729)  (5086,2689)  (5086,2649)  (5086,2609)  (5650,2611)  (5650,2651)  (5046,2726)
Langwell  (3286,396)  (3246,411)  (3246,371)  (3325,436)  (3286,356)  (3326,367)  (3285,451)
South Minhiriath  (1670,2045)  (1630,2084)  (1630,2044)  (1709,2085)  (1670,2005)  (1710,2005)  (1710,2045)  (1628,2004)  (1669,2124)  (1629,2124)  (1590,2084)  (1590,2044)  (1749,2085)  (1749,2125)  (1709,2125)  (1589,2125)  (1668,1965)  (1708,1965)  (1748,1965)  (1750,2005)  (1750,2045)  (1588,2004)  (1588,1964)  (1628,1964)  (1788,1927)  (1669,2164)  (1629,2164)  (1550,2085)  (1550,2045)  (1789,2085)  (1789,2125)  (1785,2165)  (1745,2165)  (1589,2165)  (1549,2165)  (1549,2125)  (1668,1925)  (1708,1925)  (1748,1925)  (1790,1967)  (1790,2007)  (1548,2005)  (1548,1965)  (1548,1925)  (1588,1924)  (1628,1924)  (1788,1887)  (1828,1887)  (1828,1927)  (1705,2204)  (1665,2204)  (1510,2085)  (1510,2045)
East Anfalas  (2811,3234)  (2771,3273)  (2771,3233)  (2850,3274)  (2811,3194)  (2851,3194)  (2851,3234)  (2731,3282)  (2731,3242)  (2890,3274)  (2860,3154)  (2891,3194)  (2891,3234)  (2724,3202)  (2900,3145)  (2691,3286)  (2691,3246)  (2931,3185)  (2931,3225)  (2684,3206)  (2966,3265)  (2651,3248)  (2971,3169)  (2971,3209)  (2644,3208)
North Ered Luin  (781,67)  (741,106)  (741,66)  (820,107)  (781,27)  (821,27)  (821,67)  (739,26)  (731,146)  (701,106)  (701,66)  (860,107)  (861,0)  (861,40)  (691,156)  (661,116)  (661,76)  (900,80)  (900,120)  (901,0)  (901,40)  (716,196)  (676,196)  (651,156)  (636,211)  (621,116)  (940,80)  (940,120)  (941,0)  (941,40)  (611,171)  (645,251)  (605,251)  (596,211)  (581,131)  (980,80)  (981,0)  (981,40)  (571,171)  (565,267)  (556,227)  (1021,0)  (531,187)  (516,255)  (491,203)
South Emyn Uial  (1520,671)  (1480,710)  (1480,670)  (1559,711)  (1520,631)  (1480,630)  (1520,591)
Long Marshes  (4149,655)  (4109,659)  (4109,619)  (4188,695)  (4149,615)  (4189,592)  (4072,579)  (4069,644)  (4228,735)  (4188,735)  (4112,575)  (4234,775)  (4250,815)  (4210,815)  (4263,855)
sz Greyflood 1  (1863,2160)  (1867,2200)  (1863,2120)  (1827,2202)  (1903,2103)  (1850,2242)  (1810,2248)  (1882,2063)  (1922,2063)  (1826,2288)  (1786,2288)  (1894,2023)  (1934,2023)  (1746,2306)  (1797,2328)  (1706,2332)  (1906,1983)  (1757,2346)  (1717,2372)  (1772,2386)
sz Upper Anduin 1  (3746,2243)  (3706,2214)  (3762,2283)  (3676,2174)  (3716,2174)  (3754,2323)  (3690,2134)  (3754,2363)  (3730,2111)  (3714,2377)  (3757,2403)  (3703,2071)
sz Upper Anduin 3  (3522,1485)  (3482,1524)  (3545,1445)  (3489,1564)  (3558,1405)  (3449,1573)  (3564,1365)  (3462,1613)  (3567,1325)  (3454,1653)
sz Greyflood 2  (2127,1817)  (2087,1856)  (2167,1778)  (2047,1889)  (2205,1738)  (2018,1929)  (2007,1889)  (1978,1938)
sz Upper Anduin 2  (3549,1877)  (3509,1865)  (3589,1889)  (3496,1825)  (3606,1929)  (3640,1969)  (3456,1815)  (3446,1775)  (3644,2009)  (3425,1735)  (3651,2049)  (3611,2049)
sz Greyflood 3  (2549,1464)  (2509,1503)  (2587,1424)  (2627,1404)  (2488,1543)  (2448,1564)  (2667,1384)  (2412,1604)  (2696,1344)  (2731,1304)
sz Upper Anduin 5  (3525,867)
sz Upper Anduin 4  (3587,1169)  (3602,1209)  (3571,1129)  (3562,1210)  (3571,1089)  (3600,1250)  (3560,1250)
sz Upper Anduin 6  (3454,631)
Lands of the Eotheod  (3569,608)  (3529,647)  (3529,607)  (3608,648)  (3569,568)  (3609,584)  (3527,567)  (3648,624)  (3588,688)  (3532,527)
Nimrodel  (3006,1704)  (2966,1727)  (2966,1687)  (3045,1744)  (3006,1664)  (3046,1688)  (3085,1728)
Brandywine Bridge  (1819,929)  (1779,947)  (1858,969)  (1797,889)  (1837,889)  (1859,929)
Mount Gundabad  (3137,275)  (3097,314)  (3097,274)  (3175,315)  (3137,235)  (3177,235)  (3177,275)  (3095,234)  (3135,354)  (3095,354)  (3057,306)  (3217,220)  (3217,260)  (3217,300)  (3257,241)
Brandywine East Bank  (1940,825)  (1900,848)  (1900,808)  (1979,865)  (1940,785)  (1980,785)  (1980,825)  (1939,888)  (1918,745)  (1958,745)
Tookland  (1534,1048)  (1494,1087)  (1545,1088)  (1540,1008)  (1580,1016)
sz 10  (1490,2401)  (1450,2440)  (1450,2400)  (1529,2441)  (1490,2361)  (1530,2361)  (1530,2401)  (1448,2360)  (1489,2480)  (1449,2480)  (1410,2440)  (1410,2400)  (1569,2441)  (1569,2481)  (1529,2481)  (1488,2321)  (1528,2321)  (1570,2348)  (1570,2388)  (1408,2360)  (1408,2320)  (1448,2320)  (1489,2520)  (1370,2425)  (1609,2428)  (1609,2468)  (1609,2508)  (1569,2521)  (1529,2521)  (1488,2281)  (1610,2376)  (1368,2385)  (1368,2345)  (1368,2305)  (1408,2280)  (1448,2280)  (1353,2265)  (1636,2548)  (1489,2560)  (1649,2416)  (1649,2456)  (1649,2496)  (1596,2561)  (1556,2561)  (1328,2377)  (1328,2337)  (1393,2240)  (1433,2240)  (1313,2297)  (1313,2257)  (1353,2225)
sz 11  (1134,1984)  (1094,2023)  (1094,1983)  (1173,2024)  (1134,1944)  (1174,1944)  (1174,1984)  (1092,1943)  (1133,2063)  (1093,2063)  (1054,2023)  (1054,1983)  (1213,2024)  (1213,2064)  (1173,2064)  (1053,2064)  (1132,1904)  (1172,1904)  (1212,1904)  (1214,1944)  (1214,1984)  (1052,1943)  (1052,1903)  (1092,1903)  (1252,1866)  (1133,2103)  (1093,2103)  (1014,2024)  (1014,1984)  (1253,2077)  (1213,2104)  (1173,2104)  (1053,2104)  (1013,2095)  (1254,1906)  (1254,1946)  (1254,1986)  (1012,1944)  (1012,1904)  (1012,1864)  (1052,1863)  (1092,1863)  (1256,2117)  (1133,2143)  (1093,2143)  (974,2055)  (974,2015)  (1216,2144)  (1176,2144)  (986,1824)  (972,1975)  (972,1935)  (972,1895)
sz 12  (694,1766)  (654,1805)  (654,1765)  (733,1806)  (694,1726)  (734,1731)  (652,1725)  (693,1845)  (614,1809)  (614,1769)  (773,1771)  (773,1811)  (733,1846)  (692,1686)  (612,1729)  (612,1689)  (652,1685)  (778,1851)  (576,1649)  (574,1782)  (813,1756)  (813,1796)  (738,1886)  (692,1646)  (572,1742)  (572,1702)  (616,1645)  (818,1836)  (818,1876)  (778,1891)  (843,1916)  (536,1662)  (536,1622)  (576,1609)  (853,1767)  (656,1606)  (532,1753)  (532,1713)  (616,1605)  (858,1807)  (858,1847)  (803,1931)  (509,1582)  (883,1887)  (864,1956)  (496,1673)  (496,1633)  (549,1569)  (893,1767)  (656,1566)  (492,1725)
sz Sea of Nurnen  (5221,3442)  (5181,3481)  (5181,3441)  (5260,3482)  (5221,3402)  (5261,3402)  (5261,3442)  (5179,3401)  (5141,3500)  (5141,3460)  (5300,3482)  (5301,3381)  (5301,3421)  (5139,3420)  (5339,3341)  (5101,3498)  (5341,3381)  (5341,3421)  (5099,3458)  (5061,3503)  (5381,3351)  (5381,3391)  (5059,3463)  (5019,3486)
sz 13  (327,1219)  (287,1258)  (287,1218)  (366,1259)  (327,1179)  (367,1179)  (367,1219)  (285,1178)  (326,1298)  (286,1298)  (247,1258)  (247,1218)  (406,1259)  (406,1299)  (366,1299)  (325,1139)  (365,1139)  (405,1139)  (407,1179)  (407,1219)  (245,1178)  (245,1138)  (285,1138)  (445,1103)  (326,1338)  (286,1338)  (446,1259)  (446,1299)  (446,1339)  (406,1339)  (366,1339)  (325,1099)  (365,1099)  (405,1099)  (447,1143)  (447,1183)  (205,1171)  (205,1131)  (245,1098)  (285,1098)  (326,1378)  (286,1378)  (462,1379)  (422,1379)  (382,1379)  (325,1059)  (365,1059)  (487,1115)  (487,1155)  (271,1058)  (342,1418)  (302,1418)
sz 14  (106,752)  (66,791)  (66,751)  (145,792)  (106,712)  (146,712)  (146,752)  (64,711)  (105,831)  (65,831)  (26,791)  (26,751)  (185,792)  (185,832)  (145,832)  (25,832)  (104,672)  (144,672)  (184,672)  (186,712)  (186,752)  (24,711)  (24,671)  (64,671)  (105,871)  (65,871)  (205,872)  (165,872)  (25,872)  (104,632)  (144,632)  (184,632)  (0,631)  (40,631)  (125,911)  (85,911)  (211,912)  (171,912)  (45,912)  (5,912)  (80,592)  (120,592)  (160,592)  (200,592)  (0,591)  (40,591)  (131,951)  (91,951)  (231,952)  (191,952)  (51,952)  (11,952)
sz 15  (345,324)  (305,363)  (305,323)  (384,364)  (345,284)  (385,284)  (385,324)  (303,283)  (344,403)  (304,403)  (265,363)  (265,323)  (424,364)  (424,404)  (384,404)  (264,404)  (343,244)  (383,244)  (423,244)  (425,284)  (425,324)  (263,283)  (263,243)  (303,243)  (344,443)  (304,443)  (225,364)  (225,324)  (464,364)  (264,444)  (224,444)  (224,404)  (343,204)  (383,204)  (423,204)  (465,296)  (223,284)  (223,244)  (226,203)  (266,203)  (346,483)  (306,483)  (185,364)  (185,324)  (504,336)  (266,484)  (226,484)  (184,471)  (184,431)  (306,164)  (183,284)
sz 16  (449,39)  (409,78)  (409,38)  (488,79)  (489,0)  (448,118)  (408,118)  (369,78)  (369,38)  (528,40)  (492,119)  (368,119)  (529,0)  (329,79)  (329,39)  (568,40)  (569,0)  (289,98)  (289,58)  (609,0)  (649,0)
sz 17  (80,133)  (40,172)  (40,132)  (119,173)  (80,93)  (120,93)  (120,133)  (38,92)  (79,212)  (39,212)  (0,172)  (0,132)  (159,173)  (156,213)  (78,53)  (118,53)  (158,53)  (160,93)  (160,133)  (0,52)  (198,15)  (116,252)  (76,252)  (36,252)  (40,13)  (80,13)  (120,13)  (200,55)  (200,95)  (200,135)  (0,12)  (238,0)  (110,292)  (70,292)  (30,292)  (240,40)  (87,332)  (47,332)  (7,332)  (64,372)  (24,372)  (41,412)  (1,412)  (8,452)
Dol Guldur  (3856,1613)  (3816,1642)  (3816,1602)  (3892,1653)  (3856,1573)  (3896,1581)
Limlight  (3174,1861)  (3134,1878)  (3134,1838)  (3214,1854)  (3215,1894)  (3094,1868)  (3094,1828)  (3255,1859)  (3255,1899)  (3295,1927)
Celos  (3931,3318)  (3891,3327)  (3891,3287)  (3957,3358)  (3931,3278)  (3971,3283)  (3934,3398)
East Forodwaith  (5190,168)  (5150,207)  (5150,167)  (5229,208)  (5190,128)  (5230,128)  (5230,168)  (5148,127)  (5189,247)  (5149,247)  (5110,207)  (5110,167)  (5269,208)  (5269,248)  (5229,248)  (5109,248)  (5188,88)  (5228,88)  (5268,88)  (5270,128)  (5270,168)  (5108,127)  (5108,87)  (5148,87)  (5308,50)  (5189,287)  (5149,287)  (5070,208)  (5070,168)  (5309,208)  (5309,248)  (5309,288)  (5269,288)  (5229,288)  (5109,288)  (5069,288)  (5069,248)  (5188,48)  (5228,48)  (5268,48)  (5310,90)  (5310,130)  (5068,128)  (5068,88)  (5068,48)  (5108,47)  (5148,47)  (5308,10)  (5348,10)  (5348,50)  (5189,327)  (5149,327)  (5030,208)  (5030,168)
Upper Lefnui  (2245,3051)  (2205,3090)  (2205,3050)  (2284,3091)  (2245,3011)  (2285,3011)  (2285,3051)  (2203,3010)  (2244,3130)  (2204,3130)  (2165,3090)  (2165,3050)  (2324,3091)  (2319,3131)  (2164,3131)  (2243,2971)  (2283,2971)  (2325,3013)  (2163,3010)  (2232,2931)  (2272,2931)  (2312,2931)
Lands of Dorwinion  (5219,1600)  (5179,1639)  (5179,1599)  (5258,1640)  (5219,1560)  (5259,1560)  (5259,1600)  (5177,1559)  (5218,1679)  (5178,1679)  (5139,1639)  (5139,1599)  (5298,1640)  (5298,1680)  (5258,1680)  (5138,1680)  (5217,1520)  (5257,1520)  (5297,1520)  (5299,1560)  (5299,1600)  (5137,1559)  (5137,1519)  (5177,1519)  (5337,1482)  (5218,1719)  (5178,1719)  (5099,1640)  (5099,1600)  (5338,1640)  (5338,1680)  (5338,1720)  (5298,1720)  (5258,1720)  (5138,1720)  (5098,1720)  (5098,1680)  (5217,1480)  (5257,1480)  (5297,1480)  (5339,1522)  (5339,1562)  (5097,1560)  (5097,1520)  (5097,1480)  (5137,1479)  (5177,1479)  (5377,1449)  (5218,1759)  (5178,1759)  (5059,1640)  (5059,1600)
Crossroads  (4175,3018)  (4208,3058)  (4168,3058)  (4152,2978)  (4192,2978)  (4215,3018)  (4175,2938)
West March  (2526,2553)  (2486,2558)  (2566,2531)  (2566,2571)  (2446,2554)  (2606,2531)  (2606,2571)  (2611,2611)  (2406,2544)  (2646,2536)
Nurn  (4759,3403)  (4719,3442)  (4719,3402)  (4798,3443)  (4759,3363)  (4799,3363)  (4799,3403)  (4717,3362)  (4758,3482)  (4718,3482)  (4679,3442)  (4679,3402)  (4838,3443)  (4838,3483)  (4798,3483)  (4678,3483)  (4757,3323)  (4797,3323)  (4837,3323)  (4839,3363)  (4839,3403)  (4677,3362)  (4677,3322)  (4717,3322)  (4877,3285)  (4758,3522)  (4718,3522)  (4639,3443)  (4639,3403)  (4878,3443)  (4878,3483)  (4878,3523)  (4838,3523)  (4798,3523)  (4678,3523)  (4638,3523)  (4638,3483)  (4757,3283)  (4797,3283)  (4837,3283)  (4879,3325)  (4879,3365)  (4637,3363)  (4637,3323)  (4637,3283)  (4677,3282)  (4717,3282)  (4877,3245)  (4917,3245)  (4917,3285)  (4758,3562)  (4718,3562)  (4599,3443)  (4599,3403)
Haradwaith  (4358,4817)  (4318,4856)  (4318,4816)  (4397,4857)  (4358,4777)  (4398,4777)  (4398,4817)  (4316,4776)  (4357,4896)  (4317,4896)  (4278,4856)  (4278,4816)  (4437,4857)  (4437,4897)  (4397,4897)  (4277,4897)  (4356,4737)  (4396,4737)  (4436,4737)  (4438,4777)  (4438,4817)  (4276,4776)  (4276,4736)  (4316,4736)  (4476,4699)  (4357,4936)  (4317,4936)  (4238,4857)  (4238,4817)  (4477,4857)  (4477,4897)  (4477,4937)  (4437,4937)  (4397,4937)  (4277,4937)  (4237,4937)  (4237,4897)  (4356,4697)  (4396,4697)  (4436,4697)  (4478,4739)  (4478,4779)  (4236,4777)  (4236,4737)  (4236,4697)  (4276,4696)  (4316,4696)  (4476,4659)  (4516,4659)  (4516,4699)  (4357,4976)  (4317,4976)  (4198,4857)  (4198,4817)
Emyn Muil  (3875,2419)  (3835,2432)  (3835,2392)  (3914,2459)  (3875,2379)  (3915,2379)  (3915,2419)  (3874,2472)  (3807,2352)  (3937,2339)  (3955,2379)  (3895,2512)  (3977,2328)  (4017,2338)
Ethir Anduin  (3635,3435)  (3595,3474)  (3595,3434)  (3661,3475)  (3635,3395)  (3675,3395)  (3675,3435)  (3593,3394)  (3555,3508)  (3715,3396)  (3715,3436)
West Celduin Bank  (4369,1084)  (4329,1123)  (4329,1083)  (4408,1124)  (4369,1044)  (4409,1044)  (4409,1084)  (4327,1043)  (4368,1163)  (4328,1163)  (4289,1123)  (4289,1083)  (4448,1124)  (4448,1164)  (4408,1164)  (4367,1004)  (4407,1004)  (4449,1059)  (4287,1043)  (4287,1003)  (4327,1003)  (4368,1203)  (4328,1203)  (4488,1099)  (4488,1139)  (4488,1179)  (4448,1204)  (4408,1204)  (4247,1030)  (4247,990)  (4287,963)  (4327,963)  (4234,950)  (4503,1219)  (4528,1107)  (4528,1147)  (4274,923)  (4314,923)  (4543,1187)  (4543,1227)  (4568,1123)  (4583,1163)
East Wall of Rohan  (3622,2543)  (3654,2503)  (3662,2543)
Plateau of Gorgoroth  (4753,3033)  (4713,3072)  (4713,3032)  (4792,3073)  (4753,2993)  (4793,2993)  (4793,3033)  (4711,2992)  (4752,3112)  (4712,3112)  (4832,3073)  (4815,3113)  (4672,3113)  (4751,2953)  (4791,2953)  (4831,2953)  (4833,2993)  (4833,3033)  (4671,2973)  (4711,2952)  (4728,3152)  (4872,3073)  (4688,3153)  (4648,3153)  (4632,3113)  (4676,2912)  (4893,3113)  (4933,3088)  (4933,3128)
Carach Angren  (4456,2750)  (4416,2770)  (4416,2730)  (4487,2790)  (4456,2710)  (4496,2710)  (4496,2750)
Dol Amroth  (3015,3399)  (2975,3429)  (2975,3389)  (3050,3439)  (3015,3359)  (3055,3368)
sz Bay of Belfalas  (2650,3471)  (2610,3510)  (2610,3470)  (2689,3511)  (2650,3431)  (2690,3431)  (2690,3471)  (2608,3430)  (2649,3550)  (2609,3550)  (2570,3510)  (2570,3470)  (2729,3511)  (2729,3551)  (2689,3551)  (2569,3551)  (2648,3391)  (2688,3391)  (2728,3391)  (2730,3431)  (2730,3471)  (2568,3430)  (2568,3390)  (2608,3390)  (2768,3353)  (2649,3590)  (2609,3590)  (2530,3511)  (2530,3471)  (2769,3511)  (2769,3551)  (2769,3591)  (2729,3591)  (2689,3591)  (2569,3591)  (2529,3591)  (2529,3551)  (2648,3351)  (2688,3351)  (2728,3351)  (2770,3393)  (2770,3433)  (2528,3431)  (2528,3391)  (2528,3351)  (2568,3350)  (2608,3350)  (2808,3352)  (2649,3630)  (2609,3630)  (2490,3511)  (2490,3471)
East Ered Nimrais  (3115,2842)  (3075,2881)  (3075,2841)  (3115,2882)  (3115,2802)  (3155,2802)  (3155,2842)  (3195,2792)  (3195,2832)
West Anfalas  (2377,3269)  (2337,3308)  (2337,3268)  (2402,3309)  (2417,3235)  (2442,3275)  (2305,3228)  (2362,3348)  (2322,3348)  (2297,3308)  (2297,3268)  (2457,3235)  (2282,3363)  (2482,3275)  (2265,3228)  (2363,3388)  (2323,3388)  (2257,3323)  (2257,3283)  (2497,3221)  (2283,3403)  (2522,3261)  (2327,3428)  (2537,3216)  (2562,3256)  (2562,3296)  (2602,3281)
Dorwinion  (5526,1492)  (5486,1518)  (5486,1478)  (5556,1532)  (5526,1452)  (5566,1457)
Pelennor Fields  (3915,2933)  (3954,2973)  (3955,2911)
Archet  (2219,904)  (2179,931)  (2179,891)  (2253,944)  (2219,864)  (2259,870)
Lands of the Beornings  (3659,853)  (3619,874)  (3619,834)  (3698,893)  (3699,826)  (3599,794)  (3738,866)
Udun  (4369,2666)  (4329,2705)  (4394,2626)
Druadan Forest  (3708,2943)  (3668,2960)  (3668,2920)  (3747,2983)  (3748,2916)  (3628,2915)  (3788,2938)
Ciril  (3190,2935)  (3150,2955)  (3230,2933)
North Ephel Duath  (4388,3237)  (4348,3254)  (4348,3214)  (4427,3277)  (4388,3197)  (4428,3228)  (4324,3174)  (4308,3230)  (4467,3268)  (4373,3157)  (4284,3190)  (4507,3236)  (4507,3276)  (4547,3232)  (4587,3205)
Sirith  (3837,3170)  (3797,3173)  (3797,3133)  (3876,3210)  (3837,3130)  (3877,3130)  (3877,3170)  (3836,3213)
Warning Beacons of Gondor  (3404,2942)  (3364,2971)  (3364,2931)  (3443,2982)  (3444,2929)  (3344,2891)  (3483,2969)  (3489,3009)  (3304,2908)  (3304,2868)  (3523,2933)  (3529,2973)  (3529,3013)  (3264,2875)  (3563,2933)  (3569,2973)  (3569,3013)
Cerin Amroth  (3182,1564)  (3142,1593)  (3142,1553)  (3210,1604)  (3182,1524)  (3222,1531)
Belfalas  (3132,3525)  (3092,3564)  (3092,3524)  (3171,3565)  (3132,3485)  (3172,3485)  (3172,3525)  (3090,3484)  (3052,3527)  (3211,3565)  (3181,3605)  (3141,3605)  (3212,3486)  (3251,3526)  (3175,3645)  (3291,3509)
Dor en Ernil  (3177,3357)  (3137,3396)  (3137,3356)  (3216,3397)  (3177,3317)  (3217,3317)  (3217,3357)  (3256,3397)  (3256,3437)  (3216,3437)  (3257,3307)  (3257,3347)  (3296,3448)  (3297,3299)
Ford of Bruinen  (2971,945)  (2931,981)  (2965,905)  (3005,905)
Linhir  (3373,3376)  (3333,3402)  (3333,3362)  (3406,3416)  (3373,3336)  (3413,3341)
Ered Mithrin  (3920,218)  (3880,256)  (3880,216)  (3959,258)  (3920,178)  (3960,178)  (3960,218)  (4000,163)  (4000,203)
West Mirkwood  (3904,1106)  (3864,1145)  (3864,1105)  (3943,1146)  (3904,1066)  (3944,1066)  (3944,1106)  (3862,1065)  (3903,1185)  (3824,1133)  (3983,1146)  (3983,1186)  (3943,1186)  (3902,1026)  (3942,1026)  (3984,1051)  (3984,1091)  (3822,1093)  (3822,1053)  (3862,1025)  (3810,1013)  (4023,1131)  (3782,1107)  (3782,1067)
Aldburg  (3429,2828)  (3389,2856)  (3389,2816)  (3464,2868)  (3429,2788)  (3469,2795)
Ethring  (3347,3171)  (3307,3194)  (3307,3154)  (3382,3211)  (3347,3131)  (3387,3134)
Ered Luin Foothills  (1244,1331)  (1204,1370)  (1204,1330)  (1283,1371)  (1244,1291)  (1284,1291)  (1284,1331)  (1202,1290)  (1243,1410)  (1203,1410)  (1164,1370)  (1164,1330)  (1323,1371)  (1300,1411)  (1163,1411)  (1242,1251)  (1282,1251)  (1324,1255)  (1324,1295)  (1162,1290)  (1162,1250)  (1202,1250)  (1260,1450)  (1220,1450)  (1124,1345)  (1363,1335)  (1363,1375)  (1122,1275)  (1122,1235)  (1162,1210)  (1202,1210)  (1258,1490)  (1218,1490)  (1403,1317)  (1403,1357)  (1135,1170)  (1175,1170)  (1443,1317)  (1443,1357)
Front Porch  (3240,946)  (3200,926)  (3240,906)  (3280,921)  (3280,961)  (3200,886)
Ras Morthil  (2049,3002)  (2009,3041)  (2088,3042)  (2036,2962)  (2076,2962)  (2089,3002)  (2116,2935)  (2048,3081)  (2008,3081)  (2032,2922)  (2072,2922)  (2112,2895)  (2152,2895)  (2156,2935)  (2079,3121)  (2039,3121)  (1999,3121)  (2071,2882)  (1959,3137)  (2111,2855)  (2062,3161)  (2022,3161)
Isen  (2388,2447)  (2348,2486)  (2348,2446)  (2411,2487)  (2388,2407)  (2428,2407)  (2428,2447)  (2346,2406)  (2351,2526)  (2308,2517)  (2308,2477)  (2468,2384)  (2468,2424)  (2468,2464)  (2306,2437)  (2508,2396)  (2508,2436)  (2508,2476)  (2548,2448)  (2588,2486)
Lhun West Bank  (1105,679)  (1065,718)  (1065,678)  (1144,719)  (1105,639)  (1145,639)  (1145,679)  (1063,638)  (1104,758)  (1064,758)  (1025,718)  (1025,678)  (1153,759)  (1024,759)  (1103,599)  (1143,599)  (1183,599)  (1185,639)  (1185,679)  (1023,638)  (1023,598)  (1063,598)  (1113,798)  (1073,798)  (1033,799)  (1103,559)  (1143,559)  (1183,559)  (1028,558)  (993,812)  (1082,838)  (1042,839)  (1072,519)  (1112,519)  (1152,519)  (1002,852)  (962,852)
Southfarthing  (1754,1262)  (1714,1301)  (1714,1261)  (1793,1302)  (1754,1222)  (1794,1222)  (1794,1262)  (1712,1221)  (1674,1293)  (1834,1200)  (1834,1240)  (1672,1253)  (1874,1206)  (1874,1246)
Dale  (4246,507)  (4206,527)  (4206,487)  (4246,547)  (4246,467)  (4286,467)  (4286,507)
Chetwood  (2346,936)  (2306,975)  (2385,976)  (2322,896)  (2362,896)  (2386,936)  (2402,881)
South Ered Luin  (992,1441)  (952,1480)  (952,1440)  (1031,1481)  (992,1401)  (1032,1401)  (1032,1441)  (950,1400)  (991,1520)  (951,1520)  (912,1480)  (912,1440)  (1071,1481)  (1071,1521)  (1031,1521)  (990,1361)  (1030,1361)  (1070,1361)  (1072,1401)  (1072,1441)  (910,1400)  (910,1360)  (950,1360)  (991,1560)  (872,1474)  (1111,1481)  (1111,1521)  (1111,1561)  (1071,1561)  (1031,1561)  (990,1321)  (1030,1321)  (1070,1321)  (870,1434)  (870,1394)  (945,1320)  (1151,1502)  (1151,1542)  (1151,1582)  (1111,1601)  (1071,1601)  (985,1281)  (1025,1281)  (1065,1281)  (992,1241)  (1032,1241)  (1072,1204)  (1018,1201)  (1058,1164)
Greenway  (2262,1445)  (2222,1484)  (2222,1444)  (2301,1485)  (2262,1405)  (2302,1405)  (2302,1445)  (2220,1404)  (2261,1524)  (2221,1524)  (2182,1451)  (2339,1525)  (2260,1365)  (2300,1365)  (2180,1372)  (2220,1364)  (2299,1564)  (2259,1564)  (2339,1565)  (2260,1325)  (2300,1325)  (2198,1324)
North Harlindon  (633,1400)  (593,1439)  (593,1399)  (672,1440)  (633,1360)  (673,1360)  (673,1400)  (591,1359)  (632,1479)  (592,1479)  (553,1439)  (553,1399)  (712,1440)  (712,1480)  (672,1480)  (552,1480)  (713,1346)  (713,1386)  (551,1359)  (551,1319)  (513,1440)  (752,1426)  (752,1466)  (753,1375)  (511,1298)  (520,1258)  (792,1415)  (524,1218)
East Bight  (4286,1365)  (4246,1404)  (4246,1364)  (4325,1405)  (4286,1325)  (4326,1325)  (4326,1365)  (4244,1324)  (4285,1444)  (4245,1444)  (4206,1404)  (4206,1364)  (4365,1405)  (4365,1445)  (4325,1445)  (4205,1445)  (4284,1285)  (4324,1285)  (4364,1285)  (4366,1325)  (4366,1365)  (4204,1324)  (4204,1284)  (4244,1284)  (4404,1282)  (4166,1405)  (4166,1365)  (4405,1405)  (4405,1445)  (4406,1322)  (4406,1362)  (4164,1325)  (4444,1273)  (4126,1426)  (4126,1386)  (4445,1402)  (4445,1442)  (4446,1313)  (4446,1353)  (4124,1346)  (4124,1306)  (4086,1390)  (4485,1393)  (4486,1280)  (4486,1320)  (4525,1360)  (4526,1292)  (4565,1332)  (4605,1336)
North South Road  (2564,2236)  (2524,2217)  (2603,2276)  (2563,2276)  (2564,2196)  (2604,2196)  (2604,2236)  (2504,2177)  (2615,2316)  (2575,2316)  (2544,2156)  (2584,2156)  (2495,2137)  (2645,2356)  (2605,2356)  (2565,2356)  (2535,2116)  (2589,2396)
Nindalf  (3932,2641)  (3892,2641)  (3971,2681)  (3931,2681)  (3891,2601)  (3931,2601)  (3971,2601)  (3972,2641)
North Dunland  (2580,1840)  (2540,1879)  (2540,1839)  (2598,1880)  (2620,1809)  (2538,1799)  (2638,1849)  (2558,1919)  (2660,1808)  (2498,1785)
North Arnor  (2007,188)  (1967,227)  (1967,187)  (2046,228)  (2007,148)  (2047,148)  (2047,188)  (1965,147)  (2006,267)  (1927,241)  (1927,201)  (2086,228)  (2005,108)  (2045,108)  (2085,108)  (2087,148)  (2087,188)  (1925,161)  (1960,107)  (1887,231)  (2126,228)  (2000,68)  (2040,68)  (2127,135)  (2127,175)  (1885,191)  (1885,151)  (2166,215)  (2166,255)  (1845,177)
North Enedwaith  (2348,1851)  (2308,1890)  (2308,1850)  (2387,1891)  (2348,1811)  (2388,1811)  (2388,1851)  (2306,1810)  (2347,1930)  (2307,1930)  (2268,1890)  (2268,1850)  (2427,1891)  (2414,1931)  (2371,1771)  (2411,1771)  (2428,1811)  (2428,1851)  (2266,1810)  (2226,1834)
Morthond  (3021,3053)  (2981,3092)  (2981,3052)  (3060,3093)  (3021,3013)  (3061,3013)  (3061,3053)  (3020,3132)  (2941,3097)  (3062,2973)
Derndingle  (3156,2089)  (3116,2061)  (3165,2129)  (3125,2129)  (3156,2049)  (3196,2063)  (3205,2103)
Rivendell  (3099,973)  (3059,995)  (3059,955)  (3135,1013)  (3099,933)  (3139,935)
Erebor  (4245,385)  (4205,418)  (4205,378)  (4256,425)  (4245,345)  (4285,357)  (4296,397)
Nan Curunir  (2800,2326)  (2760,2291)  (2828,2366)  (2788,2366)  (2800,2286)  (2840,2289)
Hornburg  (2928,2561)  (2888,2587)  (2888,2547)  (2966,2601)  (2928,2521)  (2968,2527)
Hollin Ridge  (2931,1251)  (2891,1290)  (2891,1250)  (2971,1222)  (2851,1301)  (3011,1221)
Rhimdath  (3354,618)  (3393,658)  (3353,658)  (3332,578)  (3400,698)  (3360,698)  (3300,538)  (3390,738)  (3350,738)
Anduin Bank  (3663,1426)  (3623,1465)  (3702,1466)  (3636,1386)  (3676,1386)  (3703,1426)  (3716,1373)  (3662,1505)  (3622,1505)  (3641,1346)  (3743,1413)  (3582,1509)  (3681,1333)  (3721,1333)  (3628,1545)  (3641,1306)  (3588,1549)  (3681,1293)  (3548,1569)  (3641,1266)  (3607,1589)
Green Hills  (1686,1009)  (1646,1025)  (1726,971)  (1726,1011)
Lower Forest River  (3810,461)  (3770,500)  (3770,460)  (3849,501)  (3810,421)  (3850,421)  (3850,461)  (3768,420)  (3809,540)  (3769,540)  (3854,541)  (3828,381)  (3890,409)  (3890,449)  (3728,438)
Enchanted River  (3973,693)  (3933,732)  (3933,692)  (4006,733)  (4006,653)  (4013,693)  (3893,689)  (4053,696)  (4093,727)
East Iron Hills  (5174,502)  (5134,523)  (5134,483)  (5205,462)  (5214,502)  (5221,542)  (5094,526)  (5094,486)  (5254,472)  (5261,512)  (5054,525)  (5054,485)  (5301,476)  (5301,516)  (5341,509)
White Downs  (1411,1183)  (1371,1221)  (1371,1181)  (1436,1223)  (1411,1143)  (1451,1143)  (1451,1183)  (1432,1263)
Narrows of Mirkwood  (3905,1326)  (3865,1365)  (3865,1325)  (3944,1366)  (3905,1286)  (3945,1286)  (3945,1326)  (3865,1285)  (3904,1405)  (3825,1391)  (3825,1351)  (3984,1366)  (3905,1246)  (3945,1246)  (3985,1246)  (3985,1286)  (3985,1326)  (4024,1366)  (4025,1281)  (4025,1321)
Lhun East Bank  (1320,782)  (1280,821)  (1280,781)  (1359,822)  (1320,742)  (1360,742)  (1360,782)  (1278,741)  (1319,861)  (1279,861)  (1240,821)  (1399,822)  (1239,862)  (1379,702)  (1400,742)  (1400,782)  (1419,685)
Fornost Road  (2102,780)  (2062,819)  (2062,779)  (2141,820)  (2102,740)  (2142,740)  (2142,780)  (2060,739)  (2101,859)  (2061,859)  (2100,700)  (2140,700)  (2122,899)  (2082,899)  (2079,939)
Fanuidhol  (3078,1341)  (3038,1378)  (3038,1338)  (3114,1381)  (3078,1301)  (3118,1301)  (3118,1341)  (2998,1333)  (3117,1421)  (3110,1261)  (3158,1276)  (3158,1316)  (3137,1461)  (3198,1292)  (3198,1332)
North Ered Mithrin  (4138,173)  (4098,196)  (4098,156)  (4138,133)  (4178,133)  (4178,173)  (4058,193)  (4218,159)  (4258,174)
Pinnath Gelin  (2569,3116)  (2529,3155)  (2529,3115)  (2608,3156)  (2569,3076)  (2609,3076)  (2609,3116)  (2527,3075)  (2489,3173)  (2489,3133)  (2649,3053)  (2649,3093)  (2649,3133)  (2449,3184)  (2449,3144)  (2689,3069)  (2689,3109)  (2689,3149)  (2409,3186)  (2409,3146)  (2729,3063)  (2729,3103)  (2729,3143)  (2369,3186)  (2769,3061)  (2769,3101)  (2769,3141)  (2809,3077)  (2809,3117)
Entwash  (3346,2333)  (3306,2358)  (3306,2318)  (3385,2373)  (3346,2293)  (3386,2297)  (3298,2278)  (3345,2398)  (3409,2413)  (3338,2253)  (3287,2238)
Carn Dum  (2578,149)  (2538,173)  (2538,133)  (2616,189)  (2578,109)  (2618,113)
Desolation of the Morannon  (4226,2478)  (4186,2517)  (4186,2477)  (4266,2443)  (4201,2557)  (4146,2529)  (4306,2433)  (4306,2473)  (4346,2455)
Harondor  (4238,4024)  (4198,4063)  (4198,4023)  (4277,4064)  (4238,3984)  (4278,3984)  (4278,4024)  (4196,3983)  (4237,4103)  (4197,4103)  (4158,4063)  (4158,4023)  (4317,4064)  (4317,4104)  (4277,4104)  (4157,4104)  (4236,3944)  (4276,3944)  (4316,3944)  (4318,3984)  (4318,4024)  (4156,3983)  (4156,3943)  (4196,3943)  (4356,3906)  (4237,4143)  (4197,4143)  (4118,4064)  (4118,4024)  (4357,4064)  (4357,4104)  (4345,4144)  (4305,4144)  (4157,4144)  (4117,4144)  (4117,4104)  (4236,3904)  (4276,3904)  (4316,3904)  (4358,3946)  (4358,3986)  (4116,3984)  (4116,3944)  (4116,3904)  (4156,3903)  (4196,3903)  (4356,3866)  (4396,3866)  (4396,3906)  (4265,4183)  (4225,4183)  (4078,4064)  (4078,4024)
South Lhun  (1312,408)  (1272,447)  (1272,407)  (1351,448)  (1312,368)  (1352,368)  (1352,408)  (1270,367)  (1311,487)  (1271,487)  (1310,328)  (1350,328)  (1390,328)  (1392,368)  (1392,408)  (1244,327)  (1303,527)
East Celduin Bank  (4842,1246)  (4802,1285)  (4802,1245)  (4881,1286)  (4842,1206)  (4882,1206)  (4882,1246)  (4800,1205)  (4841,1325)  (4801,1325)  (4762,1285)  (4762,1245)  (4921,1286)  (4921,1326)  (4881,1326)  (4840,1166)  (4880,1166)  (4922,1174)  (4922,1214)  (4760,1205)  (4760,1165)  (4800,1165)  (4722,1287)  (4722,1247)  (4961,1254)  (4961,1294)  (4961,1334)  (4921,1366)  (4881,1366)  (4962,1209)  (4720,1207)  (4720,1167)  (4969,1374)  (4682,1283)  (4929,1406)  (4680,1243)  (4680,1203)  (4680,1163)  (5009,1374)  (4979,1414)  (4642,1285)  (4640,1245)  (4640,1205)  (4600,1277)
West Vales of Anduin  (3218,1421)  (3178,1422)  (3257,1461)  (3234,1381)  (3258,1421)  (3217,1462)  (3274,1365)  (3297,1461)  (3298,1405)
sz 1  (2753,4834)  (2713,4873)  (2713,4833)  (2792,4874)  (2753,4794)  (2793,4794)  (2793,4834)  (2711,4793)  (2752,4913)  (2712,4913)  (2673,4873)  (2673,4833)  (2832,4874)  (2832,4914)  (2792,4914)  (2672,4914)  (2751,4754)  (2791,4754)  (2831,4754)  (2833,4794)  (2833,4834)  (2671,4793)  (2671,4753)  (2711,4753)  (2871,4716)  (2752,4953)  (2712,4953)  (2837,4954)  (2797,4954)  (2672,4954)  (2632,4954)  (2632,4914)  (2751,4714)  (2791,4714)  (2831,4714)  (2641,4713)  (2681,4713)  (2871,4676)  (2757,4993)  (2717,4993)  (2831,4994)  (2677,4994)  (2637,4994)  (2597,4994)  (2721,4674)  (2761,4674)  (2801,4674)  (2637,4673)  (2677,4673)  (2911,4666)  (2557,5029)
West Brown Lands  (4117,2139)  (4077,2178)  (4077,2138)  (4156,2179)  (4117,2099)  (4157,2099)  (4157,2139)  (4075,2098)  (4116,2218)  (4076,2218)  (4037,2178)  (4037,2138)  (4196,2179)  (4196,2219)  (4156,2219)  (4036,2219)  (4115,2059)  (4155,2059)  (4195,2059)  (4197,2099)  (4197,2139)  (4035,2098)  (4035,2058)  (4075,2058)  (4235,2049)  (4116,2258)  (4076,2258)  (4236,2179)  (4236,2219)  (4236,2259)  (4196,2259)  (4156,2259)  (4036,2259)  (3996,2259)  (3996,2219)  (4115,2019)  (4155,2019)  (4195,2019)  (4237,2089)  (4237,2129)  (3995,2093)  (3995,2053)  (4035,2018)  (4075,2018)  (4116,2298)  (4076,2298)  (4241,2299)  (4201,2299)  (4161,2299)  (4115,1979)  (4155,1979)
sz 2  (3080,4487)  (3040,4526)  (3040,4486)  (3119,4527)  (3080,4447)  (3120,4447)  (3120,4487)  (3038,4446)  (3079,4566)  (3039,4566)  (3000,4526)  (3000,4486)  (3134,4567)  (2999,4567)  (3081,4407)  (3121,4407)  (3160,4447)  (3160,4487)  (3161,4406)  (2960,4527)  (2960,4487)  (3011,4607)  (2971,4607)  (2959,4567)  (3200,4446)  (3150,4366)  (3201,4382)  (2920,4527)  (3240,4422)
East Lone Lands  (2649,1127)  (2609,1166)  (2676,1167)  (2621,1087)  (2661,1087)  (2636,1206)  (2679,1207)  (2608,1047)  (2648,1047)  (2688,1047)  (2696,1247)  (2656,1247)  (2580,1007)  (2620,1007)  (2660,1007)  (2674,1287)
sz 3  (3301,4245)  (3261,4284)  (3261,4244)  (3340,4285)  (3301,4205)  (3341,4205)  (3341,4245)  (3259,4204)  (3300,4324)  (3260,4324)  (3221,4284)  (3221,4244)  (3380,4285)  (3367,4325)  (3220,4325)  (3299,4165)  (3339,4165)  (3379,4165)  (3381,4205)  (3381,4245)  (3249,4164)  (3419,4127)  (3296,4364)  (3420,4285)  (3289,4125)  (3329,4125)  (3369,4125)  (3421,4167)  (3421,4207)  (3461,4222)  (3501,4226)  (3541,4238)  (3581,4245)
sz 4  (3320,3943)  (3280,3982)  (3280,3942)  (3359,3983)  (3320,3903)  (3360,3903)  (3360,3943)  (3278,3902)  (3319,4022)  (3279,4022)  (3240,3982)  (3240,3942)  (3399,3983)  (3399,4023)  (3359,4023)  (3239,4023)  (3318,3863)  (3358,3863)  (3400,3866)  (3400,3906)  (3238,3902)  (3238,3862)  (3278,3862)  (3319,4062)  (3279,4062)  (3200,3965)  (3439,3946)  (3439,3986)  (3318,3823)  (3358,3823)  (3198,3925)  (3198,3885)  (3261,3822)
sz 5  (3027,3746)  (2987,3785)  (2987,3745)  (3066,3786)  (3027,3706)  (3067,3706)  (3067,3746)  (2985,3705)  (3026,3825)  (2986,3825)  (2947,3785)  (2947,3745)  (3106,3786)  (3106,3826)  (3066,3826)  (2946,3826)  (3025,3666)  (3065,3666)  (3105,3666)  (3107,3706)  (3107,3746)  (2945,3705)  (2945,3665)  (2985,3665)  (3026,3865)  (2986,3865)  (2907,3786)  (2907,3746)  (3146,3786)  (3146,3826)  (3109,3866)  (3069,3866)  (2946,3866)  (2906,3866)  (2906,3826)  (3025,3626)  (3065,3626)  (3147,3715)  (2905,3706)  (2905,3666)  (2905,3626)  (2945,3625)  (2985,3625)  (2867,3781)  (3186,3755)  (3186,3795)  (2865,3741)  (2865,3701)  (2865,3661)  (2911,3585)  (2951,3585)  (2991,3585)
sz 6  (1969,3632)  (1929,3671)  (1929,3631)  (2008,3672)  (1969,3592)  (2009,3592)  (2009,3632)  (1927,3591)  (1968,3711)  (1928,3711)  (1889,3671)  (1889,3631)  (2048,3672)  (2048,3712)  (2008,3712)  (1888,3712)  (1967,3552)  (2007,3552)  (2047,3552)  (2049,3592)  (2049,3632)  (1887,3591)  (1887,3551)  (1927,3551)  (2087,3514)  (1968,3751)  (1928,3751)  (1849,3672)  (1849,3632)  (2088,3672)  (2088,3712)  (2088,3752)  (2048,3752)  (2008,3752)  (1888,3752)  (1848,3752)  (1848,3712)  (1967,3512)  (2007,3512)  (2047,3512)  (2089,3554)  (2089,3594)  (1847,3592)  (1847,3552)  (1847,3512)  (1887,3511)  (1927,3511)  (2101,3474)  (2127,3514)  (1968,3791)  (1928,3791)  (1809,3672)  (1809,3632)
East Rhudaur  (3110,817)  (3070,856)  (3070,816)  (3149,857)  (3110,777)  (3150,777)  (3150,817)  (3068,776)
sz 7  (1384,3599)  (1344,3638)  (1344,3598)  (1423,3639)  (1384,3559)  (1424,3559)  (1424,3599)  (1342,3558)  (1383,3678)  (1343,3678)  (1304,3638)  (1304,3598)  (1463,3639)  (1463,3679)  (1423,3679)  (1303,3679)  (1382,3519)  (1422,3519)  (1462,3519)  (1464,3559)  (1464,3599)  (1302,3558)  (1302,3518)  (1342,3518)  (1383,3718)  (1343,3718)  (1503,3639)  (1503,3679)  (1503,3719)  (1463,3719)  (1423,3719)  (1382,3479)  (1422,3479)  (1504,3572)  (1263,3478)  (1303,3478)  (1543,3612)  (1543,3652)  (1543,3692)  (1543,3732)  (1503,3759)  (1463,3759)  (1343,3439)  (1262,3438)  (1302,3438)  (1546,3772)
sz 8  (1578,3250)  (1538,3289)  (1538,3249)  (1617,3290)  (1578,3210)  (1618,3210)  (1618,3250)  (1536,3209)  (1577,3329)  (1537,3329)  (1498,3289)  (1498,3249)  (1657,3290)  (1657,3330)  (1617,3330)  (1497,3330)  (1576,3170)  (1616,3170)  (1656,3170)  (1658,3210)  (1658,3250)  (1496,3209)  (1497,3169)  (1696,3132)  (1577,3369)  (1537,3369)  (1458,3290)  (1458,3250)  (1697,3290)  (1676,3370)  (1636,3370)  (1497,3370)  (1457,3370)  (1457,3330)  (1541,3130)  (1581,3130)  (1621,3130)  (1698,3172)  (1698,3212)  (1456,3210)  (1661,3092)  (1701,3092)  (1736,3132)  (1596,3409)  (1556,3409)  (1418,3290)  (1418,3250)  (1737,3252)  (1516,3410)  (1476,3410)  (1436,3410)  (1417,3370)  (1417,3330)
Forodwaith  (4007,27)  (3967,66)  (3967,26)  (4046,67)  (4047,0)  (4006,106)  (3966,106)  (3927,66)  (3927,26)  (4086,40)  (4086,80)  (4046,107)  (3926,107)  (4087,0)  (3887,67)  (3887,27)  (4126,40)  (3886,126)  (4127,0)  (3847,86)  (3847,46)  (3847,6)  (4166,40)  (3846,141)  (4167,0)  (4190,80)  (3807,101)  (3807,61)  (3807,21)  (4206,40)  (3806,173)  (4207,0)  (4230,80)  (3767,133)  (3767,93)  (3767,53)  (3767,13)  (4246,40)  (3766,192)  (4247,0)  (4261,120)  (4270,80)  (3727,152)  (3727,112)  (3727,72)  (3727,32)  (4286,40)  (4287,0)  (4301,120)  (4310,80)  (3687,155)  (3687,115)  (3687,75)  (3687,35)
South Gondor  (3699,3972)  (3659,4011)  (3659,3971)  (3738,4012)  (3699,3932)  (3739,3932)  (3739,3972)  (3657,3931)  (3698,4051)  (3658,4051)  (3619,4011)  (3619,3971)  (3778,4012)  (3778,4052)  (3738,4052)  (3618,4052)  (3697,3892)  (3737,3892)  (3777,3892)  (3779,3932)  (3779,3972)  (3617,3931)  (3617,3891)  (3657,3891)  (3817,3854)  (3698,4091)  (3658,4091)  (3579,4012)  (3579,3972)  (3818,4012)  (3818,4052)  (3818,4092)  (3778,4092)  (3738,4092)  (3618,4092)  (3578,4092)  (3578,4052)  (3697,3852)  (3737,3852)  (3777,3852)  (3819,3894)  (3819,3934)  (3577,3932)  (3577,3892)  (3577,3852)  (3617,3851)  (3657,3851)  (3817,3814)  (3857,3814)  (3857,3854)  (3698,4131)  (3658,4131)  (3539,4012)  (3539,3972)
Dagorlad  (4439,2377)  (4399,2416)  (4399,2376)  (4478,2417)  (4439,2337)  (4479,2337)  (4479,2377)  (4397,2336)  (4438,2456)  (4359,2393)  (4518,2417)  (4518,2457)  (4478,2457)  (4437,2297)  (4477,2297)  (4517,2297)  (4519,2337)  (4519,2377)  (4357,2353)  (4357,2313)  (4397,2296)  (4558,2417)  (4558,2457)  (4558,2497)  (4518,2497)  (4559,2311)  (4559,2351)  (4317,2386)  (4317,2346)  (4317,2306)  (4598,2391)  (4598,2431)  (4598,2471)  (4598,2511)  (4277,2386)  (4277,2346)  (4237,2391)
Forlond  (509,906)  (469,937)  (469,897)  (538,946)  (509,866)  (549,875)
East Rhun  (5411,2321)  (5371,2360)  (5371,2320)  (5450,2361)  (5411,2281)  (5451,2281)  (5451,2321)  (5369,2280)  (5410,2400)  (5370,2400)  (5331,2360)  (5331,2320)  (5490,2361)  (5490,2401)  (5450,2401)  (5330,2401)  (5409,2241)  (5449,2241)  (5489,2241)  (5491,2281)  (5491,2321)  (5329,2280)  (5329,2240)  (5369,2240)  (5529,2203)  (5410,2440)  (5370,2440)  (5291,2361)  (5291,2321)  (5530,2361)  (5530,2401)  (5530,2441)  (5490,2441)  (5450,2441)  (5330,2441)  (5290,2441)  (5290,2401)  (5409,2201)  (5449,2201)  (5489,2201)  (5531,2243)  (5531,2283)  (5289,2281)  (5289,2241)  (5289,2201)  (5329,2200)  (5369,2200)  (5529,2163)  (5569,2163)  (5569,2203)  (5410,2480)  (5370,2480)  (5251,2361)  (5251,2321)
Trollfells  (2731,255)  (2691,270)  (2691,230)  (2770,295)  (2731,215)  (2771,215)  (2771,255)  (2681,190)  (2811,234)  (2811,274)
sz Gulf of Lhun  (691,1092)  (651,1131)  (651,1091)  (730,1132)  (691,1052)  (731,1052)  (731,1092)  (649,1051)  (611,1132)  (611,1092)  (770,1132)  (771,1040)  (771,1080)  (609,1052)  (609,1012)  (649,1011)  (571,1144)  (571,1104)  (811,1054)  (569,1064)  (569,1024)  (851,1054)  (529,1033)  (885,1094)  (891,1052)  (931,1044)  (971,1034)
Dains Halls  (3766,293)  (3726,320)  (3726,280)  (3798,333)  (3766,253)  (3806,259)
Upper Forest River  (3595,407)  (3555,446)  (3555,406)  (3634,447)  (3595,367)  (3635,367)  (3635,407)  (3553,366)  (3515,425)  (3674,461)  (3634,487)  (3593,327)  (3633,327)  (3675,343)  (3543,326)  (3688,501)  (3648,527)  (3694,541)
Field of Cormallen  (4116,2848)  (4076,2861)  (4154,2888)  (4143,2808)  (4156,2848)  (4114,2901)  (4163,2768)  (4108,2941)
Morannon  (4297,2576)  (4257,2599)  (4257,2559)  (4329,2616)  (4297,2536)  (4337,2539)
Old Winyards  (1546,1249)  (1506,1288)  (1585,1289)  (1528,1209)  (1568,1209)  (1586,1249)  (1543,1169)
North Emyn Uial  (1519,405)  (1479,436)  (1479,396)  (1558,445)  (1519,365)  (1559,365)  (1559,405)  (1469,356)  (1518,476)  (1568,485)  (1509,325)  (1549,325)  (1454,316)  (1528,516)
Near Harad  (4838,4178)  (4798,4217)  (4798,4177)  (4877,4218)  (4838,4138)  (4878,4138)  (4878,4178)  (4796,4137)  (4837,4257)  (4797,4257)  (4758,4217)  (4758,4177)  (4917,4218)  (4917,4258)  (4877,4258)  (4757,4258)  (4836,4098)  (4876,4098)  (4916,4098)  (4918,4138)  (4918,4178)  (4756,4137)  (4756,4097)  (4796,4097)  (4956,4060)  (4837,4297)  (4797,4297)  (4718,4218)  (4718,4178)  (4957,4218)  (4957,4258)  (4957,4298)  (4917,4298)  (4877,4298)  (4757,4298)  (4717,4298)  (4717,4258)  (4836,4058)  (4876,4058)  (4916,4058)  (4958,4100)  (4958,4140)  (4716,4138)  (4716,4098)  (4716,4058)  (4756,4057)  (4796,4057)  (4956,4020)  (4996,4020)  (4996,4060)  (4837,4337)  (4797,4337)  (4678,4218)  (4678,4178)
North Mitheithel Bank  (2837,604)  (2797,643)  (2856,644)  (2824,564)  (2864,564)  (2877,604)  (2904,537)  (2803,683)  (2855,524)  (2917,577)
Gladden Fields  (3474,1196)  (3434,1235)  (3434,1195)  (3513,1236)  (3474,1156)  (3514,1156)  (3514,1196)  (3432,1155)  (3473,1275)  (3433,1275)  (3513,1276)  (3478,1116)  (3518,1116)  (3392,1157)  (3485,1076)  (3525,1076)
Merring Stream  (3573,2824)  (3533,2863)  (3533,2823)  (3612,2864)  (3573,2784)  (3613,2784)  (3613,2824)  (3531,2783)  (3653,2803)  (3653,2843)  (3498,2743)  (3538,2743)
River of Forlindon  (548,658)  (508,697)  (508,657)  (587,698)  (548,618)  (588,618)  (588,658)  (506,617)  (547,737)  (507,737)  (627,698)  (611,738)  (467,738)  (546,578)  (586,578)  (626,578)  (466,616)  (571,777)  (531,777)  (491,778)  (451,778)  (583,538)  (623,538)  (663,537)  (605,498)  (645,497)  (685,497)  (647,457)  (687,457)
Treebeards Hill  (3258,2163)  (3218,2202)  (3271,2123)  (3298,2163)  (3311,2111)
Crossings of Harnen  (4410,4224)  (4370,4248)  (4370,4208)  (4448,4264)  (4410,4184)  (4450,4188)
Rhosgobel  (3772,1225)  (3732,1254)  (3732,1214)  (3808,1265)  (3772,1185)  (3812,1193)
South Anduin Bank  (3561,1741)  (3521,1763)  (3521,1723)  (3600,1781)  (3561,1701)  (3601,1724)  (3502,1683)  (3640,1764)  (3640,1804)  (3600,1821)  (3542,1661)
Dunland Hills  (2656,2007)  (2616,2046)  (2616,2006)  (2666,2047)  (2656,1967)  (2696,1967)  (2696,2007)  (2614,1966)  (2576,2057)  (2654,1927)  (2694,1927)
Minas Tirith  (3855,3028)  (3815,3055)  (3815,3015)  (3887,3068)  (3855,2988)  (3895,2994)
Harlond  (627,1231)  (587,1255)  (587,1215)  (665,1271)  (627,1191)  (667,1195)
Baranduin East Bank  (1927,591)  (1887,603)  (1887,563)  (1966,631)  (1927,551)  (1967,551)  (1967,591)  (1847,580)  (1847,540)  (2006,632)  (1966,671)  (1807,545)
North Umbar  (3325,4607)  (3285,4646)  (3285,4606)  (3364,4647)  (3325,4567)  (3365,4567)  (3365,4607)  (3283,4566)  (3324,4686)  (3284,4686)  (3245,4646)  (3245,4606)  (3404,4647)  (3404,4687)  (3364,4687)  (3244,4687)  (3323,4527)  (3363,4527)  (3403,4527)  (3405,4567)  (3405,4607)  (3243,4566)  (3243,4526)  (3283,4526)  (3443,4489)  (3324,4726)  (3284,4726)  (3205,4647)  (3205,4607)  (3444,4647)  (3444,4687)  (3444,4727)  (3404,4727)  (3364,4727)  (3204,4705)  (3323,4487)  (3363,4487)  (3403,4487)  (3445,4529)  (3445,4569)  (3203,4567)  (3270,4486)  (3443,4449)  (3483,4449)  (3483,4489)  (3324,4766)  (3284,4766)  (3165,4665)  (3484,4671)  (3484,4711)  (3484,4751)
Buckland  (1961,963)  (1921,984)  (2001,927)  (2001,967)
Baranduin North Bank  (1200,1692)  (1160,1731)  (1160,1691)  (1239,1732)  (1200,1652)  (1240,1652)  (1240,1692)  (1199,1771)  (1159,1771)  (1120,1731)  (1120,1691)  (1244,1772)  (1119,1772)  (1202,1612)  (1242,1612)  (1280,1652)  (1282,1610)  (1204,1811)  (1164,1811)  (1223,1572)  (1263,1570)  (1303,1570)
North Minhiriath  (1900,1734)  (1860,1773)  (1860,1733)  (1939,1774)  (1900,1694)  (1940,1694)  (1940,1734)  (1858,1693)  (1899,1813)  (1859,1813)  (1820,1773)  (1820,1733)  (1979,1774)  (1979,1814)  (1939,1814)  (1898,1654)  (1938,1654)  (1980,1659)  (1980,1699)  (1818,1693)  (1818,1653)  (1858,1653)  (1899,1853)  (1780,1780)  (1780,1740)  (2019,1739)  (2019,1779)  (1947,1854)  (1898,1614)  (1938,1614)  (1822,1613)  (1907,1893)  (1862,1574)  (1902,1574)
Mouths of Entwash  (3660,2687)  (3620,2719)  (3620,2679)  (3699,2727)  (3660,2647)  (3700,2648)  (3611,2639)  (3739,2688)  (3739,2728)
Isen North Bank  (1987,2430)  (1947,2469)  (1947,2429)  (2026,2470)  (1987,2390)  (2027,2390)  (2027,2430)  (1945,2389)  (1907,2506)  (1907,2466)  (2066,2470)  (1985,2350)  (2067,2387)  (2067,2427)  (1905,2426)  (1905,2386)  (1945,2349)  (1902,2346)  (1867,2540)  (1867,2500)  (2106,2467)  (2107,2384)  (2107,2424)  (1865,2460)  (1865,2420)  (1942,2309)  (1862,2380)  (1862,2340)  (1902,2306)  (1827,2576)  (1827,2536)  (2146,2464)  (2146,2504)  (2147,2380)  (2147,2420)  (1825,2496)  (1825,2456)  (1822,2416)  (1897,2266)  (1787,2601)  (1787,2561)  (2186,2460)  (2186,2500)  (2187,2380)  (2187,2420)  (1785,2521)  (1785,2481)  (2226,2460)  (2226,2500)  (2227,2371)  (2227,2411)
Lebennin  (3685,3264)  (3645,3303)  (3645,3263)  (3724,3304)  (3685,3224)  (3725,3224)  (3725,3264)  (3643,3223)  (3605,3323)  (3605,3283)  (3764,3304)  (3755,3344)  (3715,3344)  (3692,3184)  (3732,3184)  (3765,3239)  (3804,3285)
Isen South Bank  (2056,2678)  (2016,2717)  (2016,2677)  (2095,2718)  (2056,2638)  (2096,2638)  (2096,2678)  (2014,2637)  (2055,2757)  (2015,2757)  (1976,2717)  (1976,2677)  (2135,2718)  (2135,2758)  (2095,2758)  (1975,2758)  (2054,2598)  (2094,2598)  (2134,2598)  (2136,2638)  (2136,2678)  (1974,2637)  (1974,2597)  (2014,2597)  (1936,2718)  (1936,2678)  (2175,2718)  (2175,2758)  (1935,2768)  (2176,2605)  (2176,2645)  (1934,2638)  (1896,2728)  (1896,2688)  (2215,2685)  (2216,2626)  (1856,2744)  (1856,2704)  (2255,2666)
West Iron Hills  (4777,509)  (4737,547)  (4737,507)  (4816,549)  (4777,469)  (4817,469)  (4817,509)  (4734,467)  (4697,532)  (4856,549)  (4857,481)  (4694,492)  (4694,452)  (4896,521)  (4654,513)  (4654,473)  (4650,433)  (4936,504)  (4936,544)  (4614,482)  (4976,530)  (4977,570)
West Forochel Coast  (1483,154)  (1443,193)  (1443,153)  (1522,194)  (1483,114)  (1523,114)  (1523,154)  (1441,113)  (1482,233)  (1442,233)  (1403,193)  (1403,153)  (1562,194)  (1562,234)  (1522,234)  (1402,234)  (1481,74)  (1521,74)  (1561,74)  (1563,114)  (1563,154)  (1401,113)  (1440,73)  (1601,67)  (1363,194)  (1363,154)  (1602,194)  (1412,274)  (1362,255)  (1603,107)  (1603,147)  (1361,91)  (1323,215)  (1643,73)  (1643,113)  (1643,153)
South Mitheithel Bank  (2673,754)  (2633,793)  (2633,753)  (2712,794)  (2673,714)  (2713,714)  (2713,754)  (2593,793)  (2593,753)  (2691,834)  (2696,674)  (2753,720)
sz Baranduin 3  (1915,1143)  (1943,1183)  (1882,1103)  (1958,1223)  (1868,1063)  (1877,1023)
sz Baranduin 4  (1867,679)  (1867,719)  (1826,634)  (1827,752)  (1786,621)  (1758,581)  (1837,792)
Erech  (2965,2918)  (2925,2940)  (2925,2900)  (3001,2958)  (2965,2878)  (3005,2880)
Edoras  (3158,2692)  (3118,2711)  (3118,2671)  (3193,2732)  (3158,2652)  (3198,2652)  (3198,2692)
sz Celduin 1  (5164,1375)  (5124,1387)  (5204,1376)  (5098,1347)  (5244,1379)  (5079,1307)  (5058,1347)  (5055,1267)  (5284,1379)  (5027,1227)  (5324,1377)  (5044,1187)  (5364,1380)  (5404,1383)  (5444,1397)
sz Celduin 2  (4778,1095)  (4738,1102)  (4818,1082)  (4698,1102)  (4858,1089)  (4658,1097)  (4898,1104)  (4618,1084)  (4938,1107)  (4978,1116)
South Enedwaith  (2144,2212)  (2104,2251)  (2104,2211)  (2183,2252)  (2144,2172)  (2184,2172)  (2184,2212)  (2102,2171)  (2143,2291)  (2103,2291)  (2064,2251)  (2223,2252)  (2205,2292)  (2063,2292)  (2142,2132)  (2182,2132)  (2222,2132)  (2224,2172)  (2224,2212)  (2157,2331)  (2117,2331)  (2077,2332)  (2023,2293)  (2180,2092)  (2220,2092)  (2264,2155)  (2264,2195)
sz Celduin 3  (4416,920)  (4376,905)  (4455,960)  (4360,865)  (4495,971)  (4506,1011)  (4322,825)  (4546,1018)  (4299,785)  (4553,1058)  (4275,745)  (4315,745)
South Rhun  (4828,2368)  (4788,2407)  (4788,2367)  (4867,2408)  (4828,2328)  (4868,2328)  (4868,2368)  (4786,2327)  (4827,2447)  (4787,2447)  (4748,2407)  (4748,2367)  (4907,2408)  (4907,2448)  (4867,2448)  (4747,2448)  (4826,2288)  (4866,2288)  (4906,2288)  (4908,2328)  (4908,2368)  (4746,2327)  (4746,2287)  (4786,2287)  (4946,2250)  (4827,2487)  (4787,2487)  (4708,2408)  (4708,2368)  (4947,2408)  (4947,2448)  (4947,2488)  (4907,2488)  (4867,2488)  (4747,2488)  (4707,2488)  (4707,2448)  (4826,2248)  (4866,2248)  (4906,2248)  (4948,2290)  (4948,2330)  (4706,2328)  (4706,2288)  (4706,2248)  (4746,2247)  (4786,2247)  (4986,2238)  (4827,2527)  (4787,2527)  (4987,2370)  (4987,2410)  (4987,2450)  (4987,2490)
Glanduin  (2757,1798)  (2796,1838)  (2756,1838)  (2727,1758)  (2767,1758)  (2797,1798)  (2716,1843)  (2836,1857)  (2796,1878)  (2756,1878)  (2733,1718)  (2773,1718)  (2766,1918)
sz Lhun  (1230,701)
Calembel  (3170,3054)  (3130,3079)  (3130,3039)  (3207,3094)  (3170,3014)  (3210,3019)
Carrock  (3487,755)  (3447,777)  (3447,737)  (3520,795)  (3487,715)  (3527,717)
sz 9  (1683,2843)  (1643,2882)  (1643,2842)  (1722,2883)  (1683,2803)  (1723,2803)  (1723,2843)  (1641,2802)  (1682,2922)  (1642,2922)  (1603,2882)  (1603,2842)  (1762,2883)  (1762,2923)  (1722,2923)  (1602,2923)  (1681,2763)  (1721,2763)  (1761,2763)  (1763,2803)  (1601,2802)  (1601,2762)  (1641,2762)  (1682,2962)  (1642,2962)  (1800,2963)  (1760,2963)  (1681,2723)  (1721,2723)  (1761,2723)  (1566,2722)  (1606,2722)  (1720,3002)  (1680,3002)  (1640,3002)  (1800,3003)  (1760,3003)  (1646,2683)  (1686,2683)  (1726,2683)  (1766,2683)  (1559,2682)  (1599,2682)  (1726,2643)
Tower Hills  (1177,999)  (1137,1038)  (1192,1039)  (1159,959)  (1199,959)  (1217,999)  (1239,937)  (1152,1078)  (1112,1078)  (1157,919)  (1197,919)  (1279,922)  (1125,1118)
Gorgoroth  (4631,2771)  (4591,2806)  (4591,2766)  (4670,2811)  (4631,2731)  (4671,2731)  (4671,2771)  (4585,2726)  (4551,2806)  (4677,2851)  (4711,2720)  (4711,2760)  (4567,2686)
South Forlindon  (327,792)  (287,831)  (287,791)  (366,832)  (327,752)  (367,752)  (367,792)  (285,751)  (326,871)  (286,871)  (247,831)  (247,791)  (406,832)  (406,872)  (366,872)  (325,712)  (365,712)  (405,712)  (251,711)  (326,911)  (286,911)  (408,912)  (368,912)  (291,672)  (331,672)  (371,672)  (411,672)  (247,671)  (328,951)  (413,952)  (373,952)  (287,632)  (327,632)  (367,632)  (407,632)  (445,992)  (405,992)  (248,592)  (472,1032)  (248,552)
South Undeep  (3863,2179)  (3823,2218)  (3823,2178)  (3902,2219)  (3863,2139)  (3903,2139)  (3903,2179)  (3821,2138)  (3862,2258)  (3822,2258)  (3783,2178)  (3929,2259)  (3861,2099)  (3901,2099)  (3943,2123)  (3943,2163)  (3781,2138)  (3789,2098)  (3889,2298)  (3849,2298)
sz Baranduin 2  (1704,1436)  (1664,1475)  (1735,1396)  (1775,1368)  (1775,1408)  (1637,1515)  (1815,1355)  (1638,1555)  (1598,1558)
sz Baranduin 1  (1372,1620)  (1412,1595)  (1355,1660)  (1452,1603)  (1346,1700)  (1492,1607)  (1329,1740)  (1532,1607)  (1317,1780)  (1572,1611)
Naith  (3182,1674)  (3142,1671)  (3222,1659)  (3222,1699)
West Lone Lands  (2483,1068)  (2443,1107)  (2443,1067)  (2522,1108)  (2483,1028)  (2523,1028)  (2523,1068)  (2441,1027)  (2554,1148)  (2514,1148)  (2481,988)  (2563,1085)  (2433,987)
Blue Mountains  (807,664)  (767,703)  (767,663)  (846,704)  (807,624)  (847,624)  (847,664)  (765,623)  (806,743)  (766,743)  (727,703)  (727,663)  (886,704)  (886,744)  (846,744)  (726,744)  (805,584)  (845,584)  (885,584)  (887,624)  (887,664)  (725,623)  (725,583)  (765,583)  (925,546)  (806,783)  (766,783)  (687,704)  (687,664)  (926,704)  (926,744)  (926,784)  (886,784)  (846,784)  (726,784)  (686,772)  (805,544)  (845,544)  (885,544)  (927,586)  (927,626)  (685,624)  (727,543)  (806,823)  (966,737)  (913,824)  (873,824)  (767,504)  (807,504)  (889,504)
East Rhovanion  (4590,1575)  (4550,1614)  (4550,1574)  (4629,1615)  (4590,1535)  (4630,1535)  (4630,1575)  (4548,1534)  (4589,1654)  (4549,1654)  (4510,1614)  (4510,1574)  (4669,1615)  (4669,1655)  (4629,1655)  (4509,1655)  (4588,1495)  (4628,1495)  (4668,1495)  (4670,1535)  (4670,1575)  (4508,1534)  (4508,1494)  (4548,1494)  (4708,1457)  (4589,1694)  (4549,1694)  (4470,1615)  (4470,1575)  (4709,1615)  (4509,1695)  (4469,1695)  (4469,1655)  (4588,1455)  (4628,1455)  (4668,1455)  (4710,1497)  (4710,1537)  (4468,1535)  (4708,1417)  (4748,1417)  (4748,1457)  (4590,1734)  (4550,1734)  (4430,1615)  (4430,1575)  (4749,1577)  (4749,1617)  (4510,1735)  (4470,1735)  (4430,1735)  (4429,1695)  (4429,1655)
Paths of the Dead  (2908,2815)  (2868,2842)  (2868,2802)  (2948,2778)
West Plateau of Gorgoroth  (4527,3079)  (4487,3118)  (4566,3119)  (4515,3039)  (4555,3039)  (4567,3079)  (4595,3011)  (4526,3158)  (4486,3158)  (4446,3155)  (4515,2999)  (4607,3051)  (4647,3040)
Druwaith Laur  (1913,2927)  (1873,2966)  (1873,2926)  (1952,2967)  (1913,2887)  (1953,2887)  (1953,2927)  (1871,2886)  (1912,3006)  (1872,3006)  (1911,2847)  (1951,2847)  (1991,2847)  (1831,2870)  (1871,2846)  (2031,2820)  (1949,3046)  (1909,3046)  (1869,3046)  (1978,2807)  (1833,2806)  (1927,3086)  (1887,3086)  (1880,3126)
Midgewater  (2283,777)  (2243,804)  (2243,764)  (2283,737)  (2323,744)  (2323,784)  (2229,724)  (2363,780)  (2365,820)
Redhorn Gate  (2995,1473)  (2955,1482)  (3031,1513)  (2970,1433)  (3010,1433)  (3035,1473)  (2991,1522)
Carchost  (4513,2600)  (4473,2611)  (4473,2571)  (4552,2640)  (4513,2560)  (4553,2580)  (4512,2651)  (4433,2568)  (4592,2620)  (4422,2528)  (4632,2599)
Eastfold  (3329,2714)  (3289,2753)  (3289,2713)  (3354,2754)  (3329,2674)  (3369,2674)  (3369,2714)  (3287,2673)  (3314,2793)  (3274,2793)  (3327,2634)  (3409,2684)  (3409,2724)  (3256,2633)  (3449,2707)
South Lorien  (3251,1787)  (3211,1794)  (3211,1754)  (3291,1790)  (3314,1830)  (3171,1790)  (3354,1792)
North Anduin Bank  (3688,1079)  (3648,1118)  (3648,1078)  (3727,1119)  (3688,1039)  (3728,1039)  (3728,1079)  (3648,1038)  (3687,1158)  (3647,1158)  (3688,999)  (3728,999)  (3676,1198)  (3727,959)
Esgaroth  (4281,636)  (4241,655)  (4241,615)  (4310,676)  (4281,596)  (4321,596)  (4321,636)
Dead Marshes  (4054,2452)  (4014,2491)  (4014,2451)  (4093,2492)  (4054,2412)  (4094,2412)  (4094,2452)  (4012,2411)  (4024,2531)  (3984,2531)  (3974,2491)  (4134,2377)  (4134,2417)  (4174,2372)  (4174,2412)
Brandywine North Bank  (1501,1445)  (1461,1484)  (1461,1444)  (1540,1485)  (1501,1405)  (1541,1405)  (1541,1445)  (1500,1524)  (1460,1524)  (1421,1484)  (1421,1444)  (1556,1525)  (1420,1525)  (1544,1365)  (1581,1405)  (1584,1362)  (1516,1564)  (1381,1485)  (1381,1445)  (1380,1553)  (1621,1402)  (1624,1337)  (1341,1513)  (1341,1473)  (1661,1377)
East Vales of Anduin  (3423,1401)  (3383,1440)  (3383,1400)  (3462,1441)  (3423,1361)  (3463,1361)  (3463,1401)  (3381,1360)  (3503,1354)  (3503,1394)
North Ithilien  (4108,2621)  (4068,2634)  (4068,2594)  (4147,2661)  (4108,2581)  (4148,2610)
East Brown Lands  (4421,2059)  (4381,2098)  (4381,2058)  (4460,2099)  (4421,2019)  (4461,2019)  (4461,2059)  (4379,2018)  (4420,2138)  (4380,2138)  (4341,2098)  (4341,2058)  (4500,2099)  (4500,2139)  (4460,2139)  (4340,2139)  (4419,1979)  (4459,1979)  (4499,1979)  (4501,2019)  (4501,2059)  (4339,2018)  (4339,1978)  (4379,1978)  (4420,2178)  (4380,2178)  (4301,2066)  (4540,2099)  (4540,2139)  (4540,2179)  (4500,2179)  (4460,2179)  (4340,2179)  (4419,1939)  (4459,1939)  (4499,1939)  (4541,2031)  (4299,2026)  (4299,1986)  (4349,1938)  (4580,2071)  (4580,2111)  (4525,2219)  (4485,2219)  (4445,2219)  (4366,2219)  (4326,2219)  (4389,1899)  (4429,1899)  (4469,1899)  (4427,1859)  (4467,1859)
Barad Dur  (4772,2852)  (4732,2874)  (4732,2834)  (4805,2892)  (4772,2812)  (4812,2814)
Amon Sul  (2475,761)  (2435,785)  (2435,745)  (2511,801)  (2475,721)  (2515,725)
Ringlo  (3200,3193)  (3160,3172)  (3239,3233)  (3199,3233)  (3210,3153)  (3240,3193)  (3279,3250)
Ringlo Vale  (3453,3090)  (3413,3082)  (3491,3130)  (3451,3130)  (3493,3056)  (3424,3042)
sz Isen  (2034,2529)  (1994,2536)  (1954,2547)  (2160,2554)  (2200,2555)
Lands of the Balcoth  (4843,1910)  (4803,1949)  (4803,1909)  (4882,1950)  (4843,1870)  (4883,1870)  (4883,1910)  (4801,1869)  (4842,1989)  (4802,1989)  (4763,1949)  (4763,1909)  (4922,1950)  (4922,1990)  (4882,1990)  (4762,1990)  (4841,1830)  (4881,1830)  (4921,1830)  (4923,1870)  (4923,1910)  (4761,1869)  (4761,1829)  (4801,1829)  (4961,1792)  (4842,2029)  (4802,2029)  (4723,1950)  (4723,1910)  (4962,1950)  (4962,1990)  (4962,2030)  (4922,2030)  (4882,2030)  (4762,2030)  (4722,2030)  (4722,1990)  (4841,1790)  (4881,1790)  (4921,1790)  (4963,1832)  (4963,1872)  (4721,1870)  (4721,1830)  (4721,1790)  (4761,1789)  (4801,1789)  (4961,1752)  (5001,1765)  (4842,2069)  (4683,1950)  (4683,1910)
sz Carnen  (4994,852)
Sarn Ford  (1914,1352)  (1874,1372)  (1874,1332)  (1939,1392)  (1914,1312)  (1954,1312)  (1954,1352)
Far Harad  (5366,4635)  (5326,4674)  (5326,4634)  (5405,4675)  (5366,4595)  (5406,4595)  (5406,4635)  (5324,4594)  (5365,4714)  (5325,4714)  (5286,4674)  (5286,4634)  (5445,4675)  (5445,4715)  (5405,4715)  (5285,4715)  (5364,4555)  (5404,4555)  (5444,4555)  (5446,4595)  (5446,4635)  (5284,4594)  (5284,4554)  (5324,4554)  (5484,4517)  (5365,4754)  (5325,4754)  (5246,4675)  (5246,4635)  (5485,4675)  (5485,4715)  (5485,4755)  (5445,4755)  (5405,4755)  (5285,4755)  (5245,4755)  (5245,4715)  (5364,4515)  (5404,4515)  (5444,4515)  (5486,4557)  (5486,4597)  (5244,4595)  (5244,4555)  (5244,4515)  (5284,4514)  (5324,4514)  (5484,4477)  (5524,4477)  (5524,4517)  (5365,4794)  (5325,4794)  (5206,4675)  (5206,4635)
sz Belegaer  (552,4589)  (512,4628)  (512,4588)  (591,4629)  (552,4549)  (592,4549)  (592,4589)  (510,4548)  (551,4668)  (511,4668)  (472,4628)  (472,4588)  (631,4629)  (631,4669)  (591,4669)  (471,4669)  (550,4509)  (590,4509)  (630,4509)  (632,4549)  (632,4589)  (470,4548)  (470,4508)  (510,4508)  (670,4471)  (551,4708)  (511,4708)  (432,4629)  (432,4589)  (671,4629)  (671,4669)  (671,4709)  (631,4709)  (591,4709)  (471,4709)  (431,4709)  (431,4669)  (550,4469)  (590,4469)  (630,4469)  (672,4511)  (672,4551)  (430,4549)  (430,4509)  (430,4469)  (470,4468)  (510,4468)  (670,4431)  (710,4431)  (710,4471)  (551,4748)  (511,4748)  (392,4629)  (392,4589)
East West Road  (2547,903)  (2507,942)  (2507,902)  (2586,943)  (2547,863)  (2587,863)  (2587,903)  (2505,862)  (2627,871)  (2627,911)  (2465,875)
Lands of the Bardings  (4453,393)  (4413,432)  (4413,392)  (4461,433)  (4453,353)  (4493,353)  (4493,393)  (4373,434)  (4373,394)  (4533,331)  (4533,371)  (4533,411)  (4573,392)
sz Sea of Rhun  (5573,1714)  (5533,1753)  (5533,1713)  (5612,1754)  (5573,1674)  (5613,1674)  (5613,1714)  (5531,1673)  (5572,1793)  (5532,1793)  (5493,1753)  (5493,1713)  (5650,1794)  (5492,1794)  (5571,1634)  (5611,1634)  (5491,1673)  (5530,1633)  (5610,1833)  (5570,1833)  (5453,1754)  (5453,1714)  (5650,1834)  (5530,1834)  (5570,1594)  (5610,1594)  (5650,1594)  (5610,1873)  (5570,1873)  (5530,1874)  (5615,1554)  (5581,1913)  (5541,1914)
Narchost  (4250,2747)  (4289,2787)  (4249,2787)  (4221,2707)  (4329,2765)  (4228,2667)
North Arthedain  (1714,290)  (1674,329)  (1674,289)  (1753,330)  (1714,250)  (1754,250)  (1754,290)  (1672,249)  (1713,369)  (1673,369)  (1634,329)  (1634,289)  (1712,210)  (1752,210)  (1792,210)  (1794,250)  (1794,290)  (1633,389)  (1703,170)  (1743,170)  (1834,238)
Lhun Tributary  (1358,599)  (1318,638)  (1318,598)  (1397,639)  (1358,559)  (1398,559)  (1398,599)  (1401,519)  (1438,559)  (1441,516)
Serni  (3468,3440)  (3428,3479)  (3479,3480)  (3476,3400)  (3516,3392)  (3439,3519)  (3388,3477)  (3492,3352)  (3532,3352)
Bruinen Bank  (3063,1113)  (3023,1152)  (3023,1112)  (3063,1073)  (3103,1073)  (2983,1177)  (3143,1074)
Lond Daer  (1983,2177)  (1943,2204)  (1943,2164)  (2011,2217)  (1983,2137)  (2023,2142)
Hobbiton  (1598,914)  (1558,940)  (1558,900)  (1636,954)  (1598,874)  (1638,880)
North Brown Lands  (4181,1844)  (4141,1883)  (4141,1843)  (4220,1884)  (4181,1804)  (4221,1804)  (4221,1844)  (4139,1803)  (4180,1923)  (4140,1923)  (4101,1883)  (4101,1843)  (4260,1884)  (4258,1924)  (4100,1924)  (4179,1764)  (4219,1764)  (4259,1764)  (4261,1804)  (4261,1844)  (4099,1803)  (4104,1763)  (4299,1744)  (4061,1884)  (4061,1844)  (4300,1884)  (4148,1724)  (4188,1724)  (4228,1724)  (4301,1784)  (4301,1824)  (4021,1913)  (4021,1873)  (4021,1833)  (4341,1810)  (4341,1850)  (3981,1840)
sz Nenuial  (1685,491)  (1645,500)  (1692,451)  (1725,491)  (1732,444)
North Lorien  (3334,1564)  (3294,1594)  (3294,1554)  (3334,1524)  (3374,1524)  (3374,1564)  (3414,1507)
Dimrill Dale  (3025,1591)  (2985,1599)  (3064,1631)  (3065,1559)
Fornost  (2088,571)  (2048,594)  (2048,554)  (2125,611)  (2088,531)  (2128,534)
East Kingdom of Dale  (4730,677)  (4690,716)  (4690,676)  (4769,717)  (4730,637)  (4770,637)  (4770,677)  (4688,636)  (4729,756)  (4689,756)  (4650,710)  (4809,717)  (4809,757)  (4769,757)  (4728,597)  (4768,597)  (4810,614)  (4810,654)  (4648,670)  (4648,630)  (4688,596)  (4642,590)  (4849,694)  (4849,734)  (4849,774)  (4809,797)  (4769,797)  (4608,673)  (4608,633)  (4602,593)  (4602,553)  (4866,814)  (4889,705)  (4889,745)  (4562,626)  (4906,785)  (4929,708)  (4946,748)  (4946,788)
Entwade  (3415,2578)  (3375,2596)  (3375,2556)  (3454,2618)  (3415,2538)  (3455,2555)  (3352,2516)  (3335,2571)  (3494,2595)  (3494,2635)  (3392,2498)  (3511,2675)  (3321,2476)  (3534,2585)  (3534,2625)
West Ered Nimrais  (2364,2805)  (2324,2844)  (2324,2804)  (2364,2765)  (2404,2765)  (2404,2805)  (2322,2764)  (2421,2845)  (2284,2859)  (2284,2819)  (2444,2774)  (2282,2779)  (2461,2814)  (2465,2854)  (2244,2860)  (2244,2820)  (2484,2774)  (2501,2814)  (2204,2844)  (2524,2767)
Cirith Ungol  (4421,3021)  (4381,3026)  (4449,3061)  (4388,2981)  (4428,2981)  (4461,3021)  (4409,3066)
Swanfleet  (2521,1628)  (2481,1667)  (2481,1627)  (2536,1668)  (2523,1588)  (2561,1628)  (2563,1586)  (2496,1707)  (2456,1707)  (2441,1667)  (2568,1546)  (2603,1586)  (2608,1541)
Old Forest Road  (3987,918)  (3947,957)  (3947,917)  (4027,886)  (4027,926)  (3956,877)  (3907,971)  (3907,931)  (3907,891)  (4067,880)  (4067,920)  (4092,960)  (3867,964)  (3867,924)  (3867,884)  (4107,875)  (4107,915)  (3827,948)  (3827,908)  (4147,867)  (4147,907)  (4147,947)  (4187,879)
Snowbourn  (3125,2561)  (3085,2600)  (3085,2560)  (3125,2521)  (3165,2521)  (3165,2561)  (3071,2640)  (3045,2600)  (3045,2560)  (3205,2495)  (3205,2535)  (3245,2501)  (3245,2541)
Elf Path  (3808,654)  (3768,656)  (3768,616)  (3846,694)  (3808,614)  (3848,614)  (3806,696)  (3728,629)  (3853,734)  (3813,736)  (3780,776)
Hith Aeglir  (3178,1155)  (3138,1194)  (3218,1160)  (3098,1207)  (3258,1163)  (3298,1160)
Bree Hill  (2172,1004)  (2132,1023)  (2132,983)  (2212,1004)
East Ephel Duath  (5319,3710)  (5279,3749)  (5279,3709)  (5358,3750)  (5319,3670)  (5359,3670)  (5359,3710)  (5304,3789)  (5264,3789)  (5239,3749)  (5239,3709)  (5398,3750)  (5388,3630)  (5399,3670)  (5399,3710)  (5224,3804)  (5428,3617)  (5199,3764)  (5199,3724)  (5438,3750)  (5439,3657)  (5439,3697)  (5184,3824)  (5468,3603)  (5159,3784)  (5159,3744)  (5479,3643)  (5479,3683)  (5508,3597)  (5119,3823)  (5119,3783)  (5119,3743)  (5519,3637)  (5519,3677)  (5098,3703)  (5548,3580)  (5079,3804)  (5079,3764)  (5559,3620)  (5559,3660)  (5058,3724)  (5588,3557)  (5039,3800)  (5599,3597)  (5599,3637)  (5599,3677)  (5018,3760)  (5018,3720)  (5628,3531)  (4999,3800)  (5639,3571)  (5639,3611)  (5639,3651)
Gladden River  (3288,1251)  (3248,1253)  (3327,1291)  (3319,1211)  (3328,1251)  (3287,1293)  (3233,1213)  (3359,1209)  (3368,1249)
Withered Heath  (4273,266)  (4233,290)  (4233,250)  (4305,226)  (4313,266)  (4314,306)  (4345,206)  (4193,298)  (4193,258)  (4353,246)  (4354,286)  (4354,326)  (4153,285)  (4393,208)  (4394,248)  (4394,288)  (4113,286)  (4433,201)  (4434,241)  (4434,281)  (4073,278)  (4473,200)  (4474,240)  (4033,265)  (4514,231)
Lossarnach  (3963,3143)  (4002,3183)  (3962,3183)  (3934,3103)  (4026,3223)  (3986,3223)  (3955,3063)
Ered Luin  (763,356)  (723,395)  (723,355)  (802,396)  (763,316)  (803,316)  (803,356)  (721,315)  (683,365)  (842,396)  (842,436)  (843,311)  (843,351)  (681,325)  (695,275)  (882,391)  (882,431)  (883,329)
sz Ethir Anduin  (3641,3581)  (3601,3620)  (3601,3580)  (3641,3541)  (3681,3541)  (3681,3581)  (3561,3659)  (3561,3619)  (3561,3579)  (3721,3512)  (3721,3552)  (3521,3566)  (3761,3506)
South Angmar  (2389,468)  (2349,507)  (2349,467)  (2428,508)  (2389,428)  (2429,428)  (2429,468)  (2347,427)  (2388,547)  (2348,547)  (2309,507)  (2309,467)  (2468,508)  (2468,548)  (2428,548)  (2387,388)  (2427,388)  (2467,388)  (2469,428)  (2469,468)  (2508,508)
sz Icebay of Forochel  (1466,3)  (1426,21)  (1506,0)  (1386,27)  (1546,0)  (1346,9)  (1586,0)  (1626,0)
Ered Lithui  (4825,2664)  (4785,2703)  (4785,2663)  (4864,2704)  (4825,2624)  (4865,2624)  (4865,2664)  (4783,2623)  (4824,2743)  (4784,2743)  (4745,2676)  (4904,2704)  (4904,2744)  (4864,2744)  (4905,2615)  (4905,2655)  (4743,2636)  (4944,2695)  (4945,2625)  (4703,2673)  (4985,2620)  (4985,2660)
Helms Deep  (2826,2652)  (2786,2691)  (2829,2612)
Khand  (5493,4030)  (5453,4069)  (5453,4029)  (5532,4070)  (5493,3990)  (5533,3990)  (5533,4030)  (5451,3989)  (5492,4109)  (5452,4109)  (5413,4069)  (5413,4029)  (5572,4070)  (5572,4110)  (5532,4110)  (5412,4110)  (5491,3950)  (5531,3950)  (5571,3950)  (5573,3990)  (5573,4030)  (5411,3989)  (5411,3949)  (5451,3949)  (5611,3912)  (5492,4149)  (5452,4149)  (5373,4070)  (5373,4030)  (5612,4070)  (5612,4110)  (5612,4150)  (5572,4150)  (5532,4150)  (5412,4150)  (5372,4150)  (5372,4110)  (5491,3910)  (5531,3910)  (5571,3910)  (5613,3952)  (5613,3992)  (5371,3990)  (5371,3950)  (5371,3910)  (5411,3909)  (5451,3909)  (5611,3872)  (5492,4189)  (5452,4189)  (5333,4070)  (5333,4030)
South Harlindon  (877,1639)  (837,1678)  (837,1638)  (916,1679)  (877,1599)  (917,1599)  (917,1639)  (835,1598)  (870,1718)  (797,1704)  (797,1664)  (956,1679)  (956,1719)  (875,1559)  (957,1623)  (795,1624)  (795,1584)  (835,1558)  (781,1544)  (757,1684)  (996,1663)  (996,1703)  (996,1743)  (755,1644)  (755,1604)  (821,1518)  (741,1564)  (1036,1644)  (1036,1684)
West Forodwaith  (3095,29)  (3055,68)  (3055,28)  (3134,69)  (3135,0)  (3094,108)  (3054,108)  (3015,68)  (3015,28)  (3174,40)  (3174,80)  (3134,109)  (3175,0)  (3185,120)  (3094,148)  (3054,148)  (2975,93)  (2975,53)  (2975,13)  (3214,40)  (3214,80)  (3145,149)  (3215,0)  (3225,120)  (3232,160)  (2935,82)  (2935,42)  (2935,2)  (3254,40)  (3254,80)  (3255,0)  (3265,120)  (2895,82)  (2895,42)  (2895,2)  (3294,40)  (3294,80)  (3295,0)  (3305,120)  (2855,48)  (2855,8)  (3334,40)  (3334,80)  (3335,0)  (3345,120)  (2815,23)  (3374,40)  (3374,80)  (3375,0)  (3385,120)  (2775,11)
West Emnet  (3194,2361)  (3154,2398)  (3154,2358)  (3233,2401)  (3194,2321)  (3234,2321)  (3234,2361)  (3150,2318)  (3193,2438)  (3273,2405)  (3233,2441)  (3201,2281)  (3110,2325)  (3274,2445)
South Fangorn  (3040,2228)  (3000,2256)  (3000,2216)  (3079,2268)  (3080,2193)  (3119,2233)  (3120,2191)  (3159,2231)
Lithlad  (4964,2856)  (4924,2895)  (4924,2855)  (5003,2896)  (4964,2816)  (5004,2816)  (5004,2856)  (4922,2815)  (4963,2935)  (4923,2935)  (4884,2895)  (4884,2855)  (4962,2776)  (5002,2776)  (5044,2786)  (5044,2826)  (5044,2866)  (4882,2815)  (4961,2975)  (4921,2975)  (5084,2794)  (5084,2834)  (5124,2772)  (5124,2812)  (5164,2766)
Ettenmoors  (2844,435)  (2804,453)  (2804,413)  (2883,475)  (2884,409)  (2781,373)  (2764,445)  (2923,450)  (2942,490)
sz Bruinen  (2905,1129)  (2865,1168)  (2927,1089)  (2967,1067)  (2838,1208)  (3002,1027)  (2798,1233)
Old Forest  (2011,1067)  (1971,1106)  (1971,1066)  (2017,1107)  (2025,1027)  (2051,1067)  (2065,1013)
The Angle  (2829,1060)  (2789,1099)  (2789,1059)  (2847,1100)  (2829,1020)  (2869,1020)  (2869,1060)  (2803,1139)
Fords of Isen  (2680,2462)  (2640,2467)  (2640,2427)  (2719,2502)  (2680,2422)  (2720,2434)
Mountains of Rhun  (5331,1953)  (5291,1992)  (5291,1952)  (5370,1993)  (5331,1913)  (5371,1913)  (5371,1953)  (5289,1912)  (5330,2032)  (5290,2032)  (5251,1992)  (5251,1952)  (5410,1993)  (5410,2033)  (5370,2033)  (5250,2033)  (5329,1873)  (5369,1873)  (5409,1873)  (5411,1913)  (5411,1953)  (5249,1912)  (5249,1872)  (5289,1872)  (5449,1836)  (5330,2072)  (5290,2072)  (5450,1993)  (5421,2073)  (5381,2073)  (5250,2073)  (5210,2073)  (5329,1833)  (5369,1833)  (5409,1833)  (5451,1876)  (5451,1916)  (5209,1897)  (5209,1857)  (5249,1832)  (5289,1832)  (5341,2112)  (5301,2112)  (5384,2113)  (5261,2113)  (5221,2113)  (5181,2113)  (5336,1793)  (5376,1793)
Westfold  (3016,2424)  (2976,2463)  (2976,2423)  (3055,2464)  (3016,2384)  (3056,2384)  (3056,2424)  (3095,2464)  (3062,2504)  (2979,2344)  (3019,2344)  (3096,2386)  (2974,2304)
sz Mitheithel 1  (2733,1062)  (2724,1163)
Southwest Mirkwood  (3712,1616)  (3672,1655)  (3672,1615)  (3751,1656)  (3712,1576)  (3752,1576)  (3752,1616)  (3711,1695)  (3671,1695)  (3632,1655)  (3788,1696)  (3742,1536)  (3782,1536)  (3822,1506)  (3828,1714)  (3748,1735)  (3788,1736)  (3767,1496)  (3835,1754)  (3807,1466)  (3847,1466)  (3795,1776)
sz Mitheithel 2  (2841,710)
Isengard  (2795,2183)  (2755,2214)  (2755,2174)  (2828,2223)  (2795,2143)  (2835,2152)
Shirebourn  (1778,1107)  (1817,1147)  (1777,1147)  (1760,1067)  (1800,1067)  (1818,1107)  (1787,1027)
Old Ford  (3560,966)  (3520,988)  (3520,948)  (3599,1006)  (3560,926)  (3600,929)
Baranduin South Bank  (1665,1693)  (1625,1732)  (1625,1692)  (1704,1733)  (1665,1653)  (1705,1653)  (1705,1693)  (1664,1772)  (1624,1772)  (1585,1732)  (1585,1692)  (1735,1773)  (1584,1773)  (1680,1613)  (1720,1613)  (1745,1653)  (1760,1598)  (1545,1733)  (1545,1693)  (1544,1791)  (1681,1573)  (1721,1558)  (1761,1558)  (1714,1518)
Anorien  (3787,2843)  (3747,2866)  (3747,2826)  (3826,2883)  (3787,2803)  (3827,2803)  (3827,2843)  (3867,2837)
West Dunland  (2398,2049)  (2358,2088)  (2358,2048)  (2437,2089)  (2398,2009)  (2438,2009)  (2438,2049)  (2356,2008)  (2397,2128)  (2357,2128)  (2318,2088)  (2318,2048)  (2459,1969)  (2478,2009)  (2478,2049)  (2316,2008)  (2499,1954)  (2372,2168)  (2518,1994)  (2518,2034)
South Cardolan  (2110,1619)  (2070,1658)  (2070,1618)  (2149,1659)  (2110,1579)  (2150,1579)  (2150,1619)  (2068,1578)  (2109,1698)  (2069,1698)  (2030,1630)  (2189,1659)  (2163,1699)  (2108,1539)  (2148,1539)  (2190,1592)  (2028,1590)  (2028,1550)  (2068,1538)  (2123,1738)  (2083,1738)  (2229,1632)  (2108,1499)  (2148,1499)
Adorn  (2450,2653)  (2410,2684)  (2410,2644)  (2489,2693)  (2450,2613)  (2490,2613)  (2490,2653)  (2400,2604)  (2370,2688)  (2370,2648)  (2529,2693)  (2530,2634)  (2360,2608)  (2330,2671)  (2569,2674)  (2569,2714)  (2320,2612)  (2280,2597)
South Ered Lithui  (5127,2926)  (5087,2965)  (5087,2925)  (5165,2966)  (5155,2886)  (5167,2926)  (5195,2858)  (5105,3005)  (5065,3005)  (5047,2965)  (5207,2898)  (5025,3027)  (5201,2818)  (5235,2858)  (5241,2812)  (5017,3067)  (4977,3049)  (5216,2772)  (5256,2772)  (5281,2812)  (5296,2761)
Tuckborough  (1637,1129)  (1597,1148)  (1597,1108)  (1669,1169)  (1637,1089)  (1677,1089)  (1677,1129)
Ered Nimrais  (2671,2838)  (2631,2877)  (2631,2837)  (2710,2878)  (2671,2798)  (2711,2798)  (2711,2838)  (2629,2797)  (2670,2917)  (2630,2917)  (2669,2758)  (2709,2758)  (2749,2758)  (2751,2798)  (2751,2838)  (2616,2757)  (2590,2945)  (2672,2957)  (2632,2957)  (2690,2718)  (2730,2718)  (2791,2777)  (2592,2985)  (2552,2994)  (2644,2997)
East Mountains of Angmar  (2837,160)  (2797,174)  (2797,134)  (2876,200)  (2877,132)  (2770,94)  (2810,94)  (2757,164)  (2916,172)  (2916,212)  (2929,252)  (2730,124)  (2730,84)  (2956,140)  (2956,180)  (2969,220)  (2969,260)  (2690,129)  (3009,193)  (3009,233)